-0.75537450321424 2.86449784554453 1
-0.934663597686782 2.59300289527819 1
-2.06281309008117 0.585061821942026 1
-2.20757564272087 1.1062754589804 1
-3.21465250844318 1.62618507967243 1
-0.194793037558209 1.72228391352996 1
-2.96362300355062 -0.153629550585635 1
-2.36379752441446 -0.59823376551055 1
0.256120686306623 1.02235589588402 1
-2.45828082761593 2.03206553828718 1
-3.90241160169638 0.67299255920908 1
-3.18625164082815 2.04378792692024 1
-0.967914589398592 0.254420265848788 1
-1.29928806273341 1.06536860192007 1
-3.40484237301734 1.50961268521938 1
-2.33899424397321 2.57954909457121 1
-2.06130435639957 0.0910477627109726 1
-1.84199049298704 -0.0114460480685419 1
-2.41673671253346 0.577346977565083 1
-2.90985738990257 1.32385710552226 1
-1.01308301380366 1.7788159604971 1
-1.73252355729602 3.25542422533434 1
-1.52879399831297 0.370476304514281 1
-2.48367733153425 0.283195156725012 1
-0.57524224284106 1.02061766131456 1
-2.4226287698086 1.95699985230609 1
-3.83773380499559 2.42713625581638 1
-1.18638947123332 0.527101336418018 1
-3.07668162413524 -0.263744642972042 1
-2.36222917363775 0.961936902915987 1
-2.03346216962195 0.207278454613445 1
-1.46483027065768 2.01991474113661 1
0.0177820933728952 0.725056661065566 1
-1.54172676039978 0.970706568442002 1
-1.57681394718289 0.280354351209621 1
-1.49106954416423 0.914594310077246 1
-1.75044274910314 0.274474153062123 1
-2.40936070206044 1.46103891041503 1
-2.12197043656924 1.56426296698366 1
-2.00277776191301 1.41794434898286 1
-2.23793805278722 -0.424899104916437 1
-3.13767749580281 1.73187693945166 1
-1.60500738099837 -0.21240912330112 1
-2.42758030702763 0.617107499438496 1
-1.6938262610507 0.160305483676553 1
1.18957696973378 1.25044537170742 1
-0.887832340752854 1.55551716217112 1
-2.79075964788856 1.4757645487377 1
-2.45244178093723 0.127592842364434 1
-2.47538805383696 0.947142271011707 1
-1.47926368905185 -0.191413910965002 1
-2.67988040589239 1.22780276408467 1
-0.831754293856592 0.951228979823384 1
-1.01284956209045 0.0483036072598 1
-2.97607937556688 0.451035544969817 1
-1.34563867928321 0.57222983280117 1
-1.55910280170758 2.22763656866734 1
-2.46492217736917 0.119201563344053 1
-1.76374122039683 2.61723206089631 1
-3.71006100965849 0.323707534809027 1
-3.51143396083461 1.36275386845121 1
-3.55787813687676 0.290529474845981 1
-0.592450776615673 1.65490810405097 1
-3.69939738517054 1.54995143390454 1
-1.67767707039712 -0.66246277602056 1
-3.22764317772731 1.04658748334781 1
-2.60258426565519 0.0243970655737847 1
-4.00571440908572 0.69351603619516 1
-3.0572998774168 0.898036726817847 1
-3.79701433094851 -2.30495610548679 1
-3.06128669714383 2.37457236215591 1
-3.31830572694359 1.95934741285726 1
-2.16699402188846 0.0098697209674683 1
-3.80389710165913 2.22585531067555 1
-4.66056548876912 1.0141641941569 1
-3.5894983133696 0.77010049383547 1
-1.66919280349768 -0.28491323260055 1
-2.09694912761982 1.57288998783221 1
-2.75365659708806 0.905259339001549 1
-2.13187937987348 2.05895538670604 1
-1.70607307779776 -0.171001936293708 1
-1.65356241206778 0.15196577050743 1
-2.00018711429205 1.01516451049588 1
-1.15393676835357 1.28082160051689 1
-2.65035898574502 1.343785887012 1
-1.49042094621719 0.981818098441999 1
-0.897501302931272 -0.485517408975521 1
-1.10182506527478 0.659853660398847 1
-4.13695297749747 -0.604342870090812 1
-3.13983449798253 1.36245992934473 1
-0.277550326945019 1.86242768119184 1
-1.7928984606894 0.847396287715896 1
-3.56826150623714 0.551820784735518 1
-0.766203860851454 1.77845459611036 1
-2.78030112006678 0.115915895299947 1
-2.0389425208476 2.45392374678407 1
-2.90553481076771 1.30654669167039 1
-2.45317926970029 2.26937806853969 1
-1.82564366322641 0.746053695732846 1
-0.521697337808744 1.50828363946215 1
-1.50702615819756 1.94877166498583 1
-2.08826650967479 2.27101651683917 1
-1.86926580119444 -0.530716193359285 1
-3.29128228760564 0.347539559512118 1
-2.07550746488811 1.61258270062983 1
-1.98353283054359 0.276848548602924 1
-1.01311556771438 1.20930166268957 1
-1.74872910090182 0.192810852716303 1
-1.53903830168747 0.835643896609389 1
-1.31871037599886 1.25740630097042 1
-1.9214469729954 0.0799114675219829 1
-2.1963132859553 0.178952746594452 1
-2.94440078254737 3.22037884375123 1
-1.26282781550681 1.26677028609441 1
-1.04308472930735 0.786319198039043 1
-0.940812919912853 0.540324115147274 1
-2.02927150217937 2.4236120216077 1
-1.08897435088173 -0.139670577173151 1
-1.88122019496942 0.925501183447164 1
-2.63219748911442 0.475688151343833 1
0.371879708315659 2.74883493651908 1
-1.53396085054683 -0.445321236461678 1
-3.17078288325298 2.0511076982568 1
-1.4424478036593 1.7906902511346 1
-1.29767848394969 1.17272216177879 1
-3.48997361937254 -0.349192288747548 1
-0.969023643873891 0.0175501590168744 1
-2.44053696544898 2.05130380984486 1
-0.164183609662803 1.09387498421766 1
-0.784815499369581 0.484932851031575 1
-2.09258668468253 -0.269078655145009 1
0.531703226197515 0.65198523196595 1
-1.69374540536774 0.323729107894219 1
-1.40829579543051 -0.123123680764983 1
-2.2527334772304 1.8427574504204 1
-1.68229290236877 2.11670598870122 1
-2.67841166087709 0.817110743439778 1
-2.97139789056164 0.181197828109085 1
-0.163035769804223 -0.278461030432735 1
-1.83298177310107 0.208633026594878 1
-1.60851262453132 0.793528799253676 1
-2.02138740303005 0.164348579420847 1
-1.59451347316071 1.239983479821 1
-2.46207464077719 1.52108582878469 1
-0.872223714176096 -0.444629095720466 1
-2.16094590305842 2.20332870106182 1
-2.74453529566181 -0.360056812251457 1
0.561044870510107 1.31537865638525 1
-2.46619875602678 1.70697458564644 1
-3.77417531673235 0.26869999486862 1
-1.01560557193602 1.1188540188624 1
-1.46614255638514 0.804727505333153 1
-0.188071491421996 1.0618316881875 1
-2.43019765213587 1.56641414543524 1
-0.485763919262266 0.186153797978418 1
0.0107482631934435 1.14845064674213 1
-2.28361844649748 1.82217584135936 1
-2.08741190076761 0.931836017508389 1
-1.16540709531769 1.03993511732182 1
-1.39132013027178 0.56872599107426 1
0.0167691688326759 1.43385099400001 1
-0.76733728616145 2.07944418029674 1
-1.46658372769985 1.19957455392908 1
-1.90348050210734 1.83223662246721 1
-0.91508496480774 0.70105811211589 1
0.301971170075995 2.33058031811869 1
-2.29266044244636 0.376535714516285 1
-3.89060065955863 2.73580283152981 1
-3.04831883722341 0.986826098354926 1
-1.37788199609604 -0.58443616805069 1
-2.65609137878752 -0.408985169957819 1
-2.76481628791224 2.32231470626358 1
-1.14710854354729 0.284363613391344 1
-3.41851793031897 0.795908253487475 1
-2.35857158719447 -0.776519837717081 1
-1.9101096471201 -0.504912201451228 1
-1.96704785859919 3.31299954841395 1
-1.42299876052996 1.62299982393683 1
-2.49897397940983 1.46019260151888 1
-2.28051966220405 1.13362373910754 1
-0.770199630390667 -0.384809786032391 1
-0.60446961435904 -0.559330699975702 1
-0.969455395067796 1.32348480394821 1
-1.37664012782601 0.145411388631018 1
-3.87327923674388 -0.823367321756205 1
-1.11349102624152 2.77015465177052 1
-2.34024234446908 1.86340518274169 1
-0.599477169133982 -0.834645408021942 1
-2.47042899193088 1.20872288197018 1
-0.868245105476927 1.78302212071075 1
-1.97114425200462 0.30551214337354 1
-1.09879037084886 0.17551444771358 1
-3.10517175726181 0.993589471739374 1
-3.25242441052839 2.29334114217988 1
-0.349768893958981 1.4866893216776 1
-2.54107917206272 -0.470857889020117 1
-3.35835823375444 0.764519906634594 1
-2.29300902187393 0.877887347790387 1
-2.74516558126449 -1.88486600005964 1
-1.17111699856833 1.00284014438269 1
-1.51151873396082 2.31008042200786 1
-2.11521810160381 2.19144493192592 1
-3.10915721291967 -0.1342615558288 1
-0.866079127440605 0.654472959169287 1
-0.745236125061487 -0.287855929707248 1
-2.89878612742291 1.703121261477 1
-2.04665204950198 1.70704928203854 1
-1.32888119648715 0.24205766434487 1
-0.809511621041695 0.405858290781212 1
-1.62841265348197 2.08874047063966 1
-2.11846679086983 0.72485567988477 1
-2.54474222760522 2.17956175311133 1
-1.27917166350879 0.590243136690191 1
-3.00592161882126 1.72117614075764 1
-1.07364232409453 2.01964646455152 1
-2.46437035739366 0.8808154082331 1
-2.63919394028517 0.178700732201378 1
0.641594865310462 0.989186135574524 1
-1.78881817479525 0.913668451543174 1
0.329099855078216 1.64296455813503 1
-1.69866043717217 0.514551176764338 1
-2.31321336017505 1.03406295673357 1
-0.827091027643974 0.17165195558062 1
-4.74056108437233 0.810776171820292 1
-2.67383850736084 0.912606270541475 1
-1.46129676353379 1.81875116453496 1
-2.88455154873621 0.858933625457357 1
-3.28216223583397 1.3301759095243 1
-1.60895419318816 1.43914308009462 1
-1.46689426603625 0.29684808152236 1
-0.947679969721294 0.606737115627332 1
-2.87288133632749 1.14362381451979 1
-1.45363015675555 2.17658929951072 1
-2.41827864514341 0.0708367516073936 1
1.66366824307518 0.463735345642784 1
-1.72052501088518 0.1500699207069 1
-2.3786116061704 -0.576253109801786 1
-1.72609737097973 0.832268110802437 1
-2.89938742479507 1.45847867934191 1
0.106675027638698 1.3249109797825 1
0.962900149574917 1.09627061875172 2
1.72628284645641 -1.03265872649345 2
1.82809541961026 0.756891257911467 2
1.26270383077058 0.950932541971352 2
0.725505760498184 2.23186204687547 2
0.410117900209974 1.87079701318449 2
0.306432504787316 0.616293086638955 2
-0.25575377519141 1.42487031897123 2
0.104311025809747 1.15455615588191 2
1.25625192883199 1.94925820837845 2
1.24146321559265 2.15609090153014 2
3.00737938352607 3.014024119704 2
0.649814007303957 1.16727414605945 2
1.59588762243984 1.45810588883801 2
1.7367111125691 0.91604320685886 2
0.189143254127567 0.548297136167337 2
1.13157655063804 -0.660530339361499 2
0.252843396015175 0.447645952858267 2
0.874927761103914 2.36785242650618 2
0.85706077474049 0.809479325118389 2
0.418109948227489 0.812380632825354 2
1.61158211851326 0.834437587728442 2
-0.506715972031103 0.994772390391844 2
0.677239276893645 0.0923373378250973 2
1.58320669192757 1.91849003561302 2
1.43396284873785 0.434840005354131 2
1.21129226615349 1.19009515677442 2
2.49601981311227 -0.578828605634754 2
1.83456495635907 1.25132459317459 2
2.89019412731254 1.65509703520856 2
0.65027187038428 1.31702723977693 2
2.2225530142893 -0.818175667173884 2
2.3721908674822 0.720113533160272 2
1.7248452793118 1.44014531932904 2
0.951209968936187 0.898953838620999 2
0.639170242704541 0.630138213311845 2
0.846446732005666 1.80105721294708 2
1.44149033633736 0.29980277260193 2
-0.197372631256022 1.15262628015493 2
2.54753089327545 -0.289819330111583 2
0.940161954831882 2.13221565853149 2
1.68803398578233 1.4725156125312 2
2.52052946822758 0.0312639768785831 2
-1.97191526197272 2.14170218694289 2
1.78635175914432 0.432897802729228 2
1.63927324242048 0.226595475264564 2
0.832717554982719 -0.137686685205729 2
1.82888099422477 0.316703397867437 2
0.848742609483545 0.80065206573447 2
1.82770315313625 0.571608616113141 2
1.5510108366857 -0.0511095324325235 2
2.47788226542209 2.0637675592393 2
1.72909358731551 1.40008653437766 2
1.60159926754392 1.44006918752841 2
1.37326649050972 2.2691830050551 2
1.49611035553077 -0.067660794947894 2
2.57711322847726 -0.336907293965251 2
0.489591927085467 0.128465775301066 2
1.21036918066048 2.85659069824544 2
2.7649422332111 2.57368756971932 2
1.23371315937753 0.00623945239035095 2
0.729788588482883 1.46895727057064 2
-0.487981058576181 1.35807587153922 2
0.974852667280283 0.149285207630057 2
-0.283628529650097 0.488718962408374 2
1.85526343050091 0.659847617867609 2
-0.204669407276691 1.52703632367087 2
1.8843321312424 0.810085024990647 2
-0.31326196625045 0.151789584819373 2
0.521110796943657 1.65027485303982 2
1.49587414034993 0.411082216424411 2
0.42994258746632 -0.0277985728727692 2
0.746809647519083 2.56847343321152 2
1.89308437264104 1.36468673522543 2
-0.51427756186061 2.2800174015477 2
0.742183579828307 0.512932982570744 2
-0.362350516686545 0.826896173210821 2
1.76667720299317 -0.434302487016816 2
0.567225038409825 0.7747624272752 2
1.58354316838355 0.287791583266564 2
0.671867282371397 -0.550713960326688 2
-0.303797173891455 1.86719706717248 2
1.53574423464407 -0.155035634344313 2
1.43566672565941 2.63111057384869 2
0.675854445714537 0.0491732391254582 2
1.91366794452163 1.80509076931144 2
0.670675652414383 1.36788573519339 2
0.664151769552027 0.506061129924311 2
0.903311985748479 0.583932016682378 2
-0.0587477051747687 1.90883302627458 2
0.387924232916491 0.298232475392147 2
0.64811071230967 0.326376558407258 2
0.810996326067628 0.665530881845258 2
0.434134949259927 0.9315446679306 2
2.44902440591984 1.70150292347531 2
1.38913981087787 0.888396185032713 2
-1.12307155143097 0.0874597850472323 2
-0.156954942719135 2.83482898665315 2
1.27089955575108 2.71306080140062 2
0.404593121056457 1.78995992674462 2
1.25889253889962 2.08904247978681 2
0.970935650308401 1.13629090007608 2
2.93194513252019 0.555530544998656 2
-0.362753695256112 0.298700526050967 2
2.13227442793061 0.422352602000094 2
0.657470615948637 1.87220173112658 2
1.40940772643692 1.58678055678804 2
-0.0881546464540723 2.47442150204553 2
0.613401682418024 1.43296174884145 2
1.13851675975164 0.245038042701273 2
1.36952697913911 0.00681430334193667 2
-0.742668632344194 2.1652645753811 2
2.21010632883821 0.541460740305984 2
0.464084860541485 -0.0312247109405444 2
0.36109472404343 -0.787102436217373 2
1.10227696947359 1.11785414844149 2
-0.522529817419025 1.84941433173913 2
0.78905447047018 1.04105937765274 2
1.23621285354882 2.49730514336014 2
-1.88808038331573 0.304733042530214 2
1.17087293969484 1.92415938289813 2
0.45852082688949 1.52085952460183 2
0.0363273837341656 1.62819733660549 2
-0.269581514893714 -0.0349321613091684 2
0.0278701678762875 0.43592637323596 2
3.35405253780058 2.57312805076512 2
1.84983877341622 -0.257193668246466 2
0.507123857381165 1.17898004402625 2
2.45723089558729 2.46923995165497 2
1.36943604925301 -0.0245961892136723 2
1.66523029734512 0.0651006185833357 2
2.78649307072095 0.948914011727984 2
1.26879761531392 -0.167534991595933 2
1.45367346647637 0.0677006700994988 2
1.67824144406 0.0828222977227615 2
1.03108501892625 0.0510911452426995 2
2.264688213477 2.38464170863716 2
2.18518347795223 -1.19520407381258 2
0.764613530264042 1.22656079346509 2
-0.195951642719152 0.605499212853412 2
0.198150208860774 2.05392751604147 2
0.144581976899205 1.61715088322766 2
1.10111100250922 2.36065570507646 2
2.660476289041 2.14164980293705 2
1.9600119222305 0.399736641726589 2
-0.671042897796363 0.426835527327298 2
-0.00698905215749446 1.52431670367125 2
1.77965151021746 0.152422982377331 2
-0.872580825209781 0.979017881913176 2
0.0448836206308724 1.9788568052633 2
2.41760613597545 1.72835147892249 2
-0.878583835950607 -0.481442605444727 2
0.877318750949066 -0.863157266264929 2
0.947547187291747 0.98279562930764 2
0.289930388898806 -0.199662344966741 2
-0.14723975153495 0.485941868277208 2
0.331837593144966 0.678013812285458 2
1.594911654643 2.46321954413724 2
-0.211622846912689 -1.69437060192659 2
2.78731619133144 0.994182554673832 2
1.7351660967057 2.67615995523537 2
0.988742464119423 3.34311295833932 2
0.10900658817142 1.83330600988431 2
-1.2788031277525 0.0558706576022855 2
0.840190376532557 0.993764819318787 2
1.07399419190224 2.05329502048996 2
1.91605263502682 0.467330943987175 2
2.22979324325411 0.359887552381462 2
2.69035261615698 0.256574654114242 2
1.16568834167063 2.73083071128362 2
1.19029598064955 -0.129562159928139 2
2.37783347957317 1.1950658041987 2
0.558048460954236 0.274611110457469 2
1.08362011765308 1.29641692722083 2
0.797644907882129 0.316110846086773 2
1.13240443127782 1.49966348102889 2
0.986245113686252 0.404940653797029 2
0.279156766187097 2.09224418377169 2
1.27311514610644 -0.594188831197814 2
1.98137940157544 -0.155769096399137 2
0.159142331262525 3.04193343856019 2
0.873426121195124 1.89443205927679 2
-0.321573529153414 1.74492077969445 2
1.71906806417734 0.706607073520067 2
0.178378274605991 1.39901567980457 2
1.7251983675098 0.104166284881222 2
-0.240339170053901 1.32247327533572 2
0.923755891353994 0.574766831278339 2
1.22769313771935 1.24540143958551 2
0.707012868223142 0.771333992197855 2
1.93147369099112 0.406843796200691 2
0.452179392224405 2.14189357337787 2
3.43606524245985 -0.240267825315271 2
0.856975913277297 -0.335171728260221 2
-0.919794508484915 -0.215486273876488 2
1.68947297286698 1.82477909600899 2
1.20158549734173 1.03943990996298 2
1.55574715874969 0.729283756821455 2
1.9867186827096 0.793639542723641 2
1.04598106740908 0.0543720111156411 2
-0.00491238468178934 -1.69448669830165 2
-0.744069926735095 3.78080897630284 2
1.83201687124588 2.42967803240199 2
1.00307990554472 0.0590538470377556 2
1.69095349334005 0.31971092035402 2
1.00722869428794 1.78349376669857 2
0.513406920656204 0.547760345452419 2
0.108740209882964 1.05816658378627 2
0.300981993372768 1.04584520579834 2
1.28233063689084 1.33271357133603 2
0.875244798870435 1.65922086288918 2
-0.0722006355297606 0.852272872991802 2
0.311421510667334 0.143091860941643 2
0.943840074597228 0.935611595192285 2
-0.713899250533451 1.14327081969594 2
2.59514518190398 -0.068578748367413 2
1.53512488898273 1.34844840703587 2
1.39131109658926 0.775474982431639 2
0.407159428739632 2.81200891052097 2
1.0714179086491 0.797851719150699 2
1.32311297240119 0.120715459745605 2
0.197971434923132 1.83299280921076 2
-0.528775276833704 1.76763641885579 2
2.72689321013791 1.3786663488374 2
0.63894273208232 -0.571867749805922 2
1.38497660273674 -0.141763086633144 2
1.67398951654876 2.3570157264488 2
0.0756526933114432 0.349300898495792 2
0.500772538308213 1.00096617227534 2
0.194857778530809 -0.218002572680413 2
0.807305798427776 -0.0657013180845933 2
0.874294423821784 0.936610867248502 2
1.82644683574677 -0.861562517955592 2
1.06719164041256 0.149566218349466 2
1.14001381595914 -0.348384147418955 2
2.13494406391319 2.31283906926182 2
0.120737872637359 1.99236378104793 2
1.44854774783389 2.56961762520174 2
2.79958001922935 0.896805371575947 2
0.456046010699327 2.29327032663302 2
2.77656336928471 -0.435888016383157 2
0.674760907006013 0.495150581037948 2
0.61284631901871 0.929135096188408 2
-0.916497392200452 1.47414527259411 2
0.737829275871194 1.35357328540136 2
0.422517263351316 0.840112595743624 2
1.18701366946434 1.6598750702729 2
1.46830921682758 2.5699192219576 2
1.38126515178941 2.54326090260328 2
1.75463061774701 2.0818343001648 2
1.618843113558 0.714554814471452 2
1.16601536156995 1.06975938676477 2
0.428897346689276 -0.400968143214041 2
2.63801902238096 1.78311008899686 2
1.68988668379581 2.0831799106529 2
1.55393698621734 1.45951911589221 2
0.704967675836793 0.794764759163918 2
-0.331276523985066 1.89199321613011 2
-1.0265841271372 1.1075656603684 2
1.33978662080787 0.74992516886039 2
