-0.943368367282786 -0.565199709552043 1
-0.295720788943997 0.362205264914728 1
-3.14557428565573 1.45064294767325 1
1.10057812490722 0.305728284623278 1
-0.91679041364587 1.1984050754697 1
-1.79407624880479 2.30542277416405 1
-2.55509956597507 1.24056796952215 1
-3.3846065765874 1.07282968314676 1
-1.87599390159365 2.4202027444595 1
-2.83192028400428 -0.146211822265625 1
-3.61234194687562 2.06797106714067 1
-3.63495842222613 1.32024260627698 1
-0.291111831745897 1.26536107000075 1
-1.30590197791671 0.44435606937269 1
-0.317343281838657 1.60111306922676 1
-1.26532335800537 1.43735992510717 1
-0.622603117252926 0.407031096302438 1
-0.72391893947705 2.4856826768023 1
-1.4266694883127 1.26081740118204 1
-1.53021265003867 -0.885593571647191 1
-1.44010029616615 0.107985231989267 1
-3.04456305641064 -0.936789713790865 1
-3.10972476715492 -0.186270673219993 1
-1.00292432231256 0.983281621596691 1
-0.291805159573246 1.30569429013082 1
-0.94000711281374 0.210298613228573 1
-3.99193993873149 0.848386494397121 1
-1.70474694420645 2.50934332689107 1
-1.50571169851862 1.41841428484783 1
-3.75291576747809 2.69950139318774 1
-0.767553587799476 0.879835984107796 1
-2.12837264521504 1.19742198530564 1
-3.65592529325286 0.472964484369671 1
-1.57137823439569 1.52295868585241 1
-3.57531911548682 1.12142972627917 1
-2.60074974526554 -0.0726212206095813 1
-0.908627088735086 2.22730293527369 1
-1.85197541160552 2.84079397417966 1
-1.508165899607 3.22681546544942 1
-1.63212255224812 0.923526215024165 1
-2.48016888586225 1.81195553432739 1
-1.43482563090895 0.510432900312546 1
-3.20162554611009 0.0667594722765308 1
-2.05427021643204 1.74627631181295 1
-2.05228373758195 1.50170933824209 1
-1.22647817186676 -0.472429210948224 1
-2.85142109263198 -0.049302857132401 1
0.0829023050541648 2.67743089417456 1
1.40368055248492 0.925196849605636 1
-2.09025102948253 0.717187650407354 1
-1.87045615628809 1.26738078743181 1
-2.33686040813385 0.491794757901176 1
-3.36670385864734 0.518435101680502 1
0.665004332461163 1.52702360177579 2
2.36132256153954 2.37981931567502 2
0.896313319588668 0.667763707493821 2
2.30750084308139 -0.661059162787295 2
0.482415290384152 0.76462306034558 2
0.122534703316142 2.00077638720182 2
0.128772565672816 -0.400912286511596 2
0.27459060187339 1.06181722293197 2
-0.43213276559103 0.979920860483462 2
1.20282363210487 2.18711733369027 2
0.541874587143202 1.4176124284257 2
0.977459503980361 2.11447260993311 2
2.62910835005568 2.16989977890954 2
2.06075088924979 0.222349078029457 2
-0.141732062668908 2.63046377907581 2
1.41084821032383 1.48799672751313 2
1.65957238049034 -0.184928606295012 2
0.16610502263862 1.68085346645171 2
1.03366086457257 1.04745390116565 2
2.13763168132102 0.939816198348065 2
1.28842519941883 0.400299046841721 2
-0.173223118014771 1.73105287187227 2
2.76373612421505 2.68488869837404 2
1.12497619802986 -0.451816579273216 2
1.40747819897137 1.17462337493952 2
2.34109516842137 0.373302385732739 2
1.45288452337774 1.14880765464583 2
0.793305558355922 0.514829818973397 2
1.70881999355051 1.435557206089 2
0.284911157519351 2.68623162972576 2
0.0538589855177048 0.548031214478638 2
-0.581974073966097 0.961897339945106 2
1.29707956005089 1.01724753072386 2
0.264453917638855 1.36444872855254 2
1.7036616852197 2.23874118402964 2
0.590867804715671 1.280193841926 2
-1.10794454821426 0.586760957327375 2
-0.664074557828477 0.780891775715227 2
0.820028650180287 1.25280239889473 2
0.779001752054421 -0.259890846172673 2
1.77377644050199 0.899061287497586 2
0.503717695955268 1.05591149730796 2
1.77096159071853 1.46236228815831 2
1.67271958760746 2.51994181095754 2
1.12975929080326 0.438629627311314 2
2.07274135027479 1.17747655770722 2
0.652169061853566 1.51547818762678 2
