-0.291228553954958 1.73126163182235 1
-2.68564144465177 1.01423937535728 1
-3.12963528211183 0.00392384034927662 1
-1.48188570748463 0.680298467228846 1
-3.89375863060115 3.0455098240507 1
-2.54328332414524 2.69227116267175 1
-3.17427562688346 0.440342676017413 1
-1.91162876643117 0.916176664192692 1
-0.797248617516525 0.802209822448277 1
-2.51977634378153 1.99808874645375 1
-2.22931665299528 1.21208225742185 1
-1.38493565867696 1.20815286471318 1
-3.06815072539217 1.35078946962131 1
-2.86553185623394 1.00899671516029 1
-2.52179597300004 0.274325984080649 1
-2.39684385269745 0.885719500945897 1
-1.56935364403107 1.76043415831049 1
-0.38792554377525 -0.719838911964162 1
-1.7273696850045 1.42081645488726 1
-2.86307646799077 1.14120171450499 1
-2.71270546681231 -1.19142308878477 1
-1.48448621010404 1.0791680387374 1
-2.62030978988656 0.527866146635249 1
-1.76120926822543 0.111777329153651 1
-2.51034540170364 0.746441043426448 1
-1.1887112508206 1.62462276038584 1
-3.57211583578076 1.29013782991823 1
-3.07288110224705 0.494781140011487 1
-2.0971994685591 1.18745706441226 1
-2.48326577054903 1.49366240474365 1
-2.8589344180576 1.61298601373323 1
-1.53993282880392 1.32837373006621 1
-1.55796027900638 0.906156265024919 1
0.0842631635791045 1.33448329368376 1
-2.95606133006074 -0.349689915279308 1
-2.61667084158739 1.14048797988634 1
-1.27508020049294 2.14781165467476 1
-2.29785049780503 3.44706026984743 1
-1.07540960667685 0.282012516655994 1
-3.66638600008889 1.76773873530185 1
0.175651928144247 1.83994638977963 1
-1.4912366257695 2.34247508804405 1
-0.186295815128334 0.167926722156663 1
-0.864940189823961 1.77254306645921 1
-3.88158749698295 1.21634373969965 1
-2.22572136341053 1.69145234651121 1
-2.50648338245591 0.298720541600631 1
-2.62796572827606 2.58174681760667 1
-1.07255499489471 0.549316355129779 1
-2.27922302845832 2.31007481488463 1
-4.20092012597176 0.15117227152739 1
-2.885923591902 2.22346649434684 1
-1.94218003182601 -0.505024151891326 1
-0.210294881748266 0.198345703169518 1
-1.1716557164258 2.26448719821612 1
-3.34983966497914 1.13302971291146 1
-2.91403216699649 0.254608008398575 1
-2.22577272989524 0.695791134560819 1
-2.42268126962572 0.82944827159852 1
-2.44448371496598 0.41741631840166 1
-2.43350760223366 1.51192204727305 1
-2.14643199965883 1.95865098966045 1
-1.22718462413535 1.1744039588794 1
-1.84521434199866 1.26890487876481 1
-4.06714695561946 1.68876104307182 1
-2.54976914619589 -0.0714325909417834 1
-3.68789648655538 1.3103389627188 1
-0.408358305200005 -0.154591802027705 1
-1.69296215417126 1.0973270417226 1
-1.92918267093827 2.10689399379176 1
-1.1328144567282 0.444660456198313 1
-2.56569944452701 0.181280380623146 1
-0.738145221751149 1.47584101520397 1
-2.44529257669993 0.50787267020586 1
-3.00520932488473 0.877473883634284 1
-1.03596026288688 -1.03767934322479 1
-0.503898564484016 0.793024484726566 1
0.167690171967326 0.00024358473972752 1
-1.3164668031973 -1.23124964940837 1
-2.98449933968262 2.10758047660301 1
-1.46380854367986 -0.25204400407717 1
-1.69011365132682 1.87015737806485 1
-3.53474862372388 -2.15381096051078 1
-2.63001754145709 0.658837151676327 1
-1.51549881259424 1.92513239842129 1
-3.04223008171412 1.20758150849713 1
-2.41986522669179 0.18363514940221 1
-1.4704574790233 1.66214392906659 1
-1.9842996212353 1.46735945354347 1
-2.16667367975548 1.10433749951507 1
-1.27569907951568 1.59365841535709 1
-1.61505935539845 1.05805991446179 1
-3.05806007937398 -0.486222255642709 1
-2.06079411631497 1.0943507394523 1
-2.52549118403432 2.44803066381984 1
-1.21648971182987 2.59395677710785 1
-1.08068877634965 0.595068145278995 1
-2.87949156179713 3.01934771596211 1
-2.03900601816235 0.980400658921979 1
-1.35339797316751 1.42942455280939 1
-1.01984417435979 0.527262754651019 1
-3.06166679225635 -0.0218709372889945 1
-2.79678410109356 1.5260540677594 1
0.130617116756264 -0.73490838331325 1
-1.89133345818974 2.35108783253001 1
-2.1904279205092 1.41792374608849 1
-0.241046753478872 0.593522670714979 1
-3.08685866003026 0.936558322775821 1
-1.56625980613035 1.35080168083477 1
-0.910140422973061 1.0611143472973 1
-0.543447640914806 0.696153882718773 1
-2.66796514585741 1.02089710364527 1
-2.48629901801204 2.80359116932998 1
-1.72008172753515 2.09584330109831 1
-1.81940884146647 1.40999385487182 1
-2.87755875429836 0.036038279773149 1
-1.42525411354177 0.623276689149153 1
-2.06653367857962 -0.156087371159427 1
0.579380993273192 0.798859918238671 1
-3.00660976673442 1.11760285882447 1
-2.4807694031859 1.16654736699424 1
-0.362234073352563 0.0748111696899225 1
-3.74588821288215 1.60725471526314 1
-2.38734564367869 -0.719247326554441 1
-2.63026221940261 2.06880007247828 1
-2.4812286778392 1.09099891912278 1
-2.76575484862673 1.37909864642958 1
-1.25659948718881 0.624878155156074 1
-1.71734190672851 0.953677597425168 1
-2.98672987489181 0.632062802109283 1
-1.78796474177731 1.9549412281741 1
-3.2570992068062 0.460938174210598 1
-2.60545443500309 0.508406112708517 1
-1.82121126691051 1.11989856092912 1
-2.09965794161393 0.614802124381565 1
-0.834256463178725 1.47659471917461 1
-1.40958305262575 3.03953084030709 1
-1.41467467405633 -0.824368517050188 1
-2.1932244096301 1.61494140120867 1
-3.15915203383924 0.192227473836111 1
0.0253501143528934 0.488852217878536 1
-4.73537563378712 1.42858222290442 1
-1.91942426764998 3.73701559904815 1
-4.08221856795527 -0.436497508267489 1
-2.56541126113474 -0.45760379794996 1
-2.19454945005122 2.96098798955815 1
-2.55279789615669 0.649745611134135 1
-3.72007028693016 1.21661453158862 1
-1.29987800603547 0.799578058134481 1
-3.08875696974892 1.93632474093816 1
-0.544654915010404 -0.266870632594142 1
-0.0115426481884446 0.204415763771187 1
-0.437726558743909 0.630986930861571 1
-2.68675747677458 0.550210681294172 1
-2.14434391681228 1.47807657099613 1
-1.243022595398 0.202772259699609 1
-1.61800451056709 1.97903000177672 1
-0.364996103612348 -0.867307572536216 1
-3.58876899789906 1.00350870582436 1
-1.74651622051536 0.0298138169303213 1
-1.81438373059088 -0.541122523142333 1
-3.57197869819377 2.42429078531622 1
1.31681909204524 0.0588144787417771 1
-2.18130159980137 0.133734085758151 1
-0.425429115737058 -0.396755230965056 1
-2.3330111083538 2.57149919144348 1
-2.05505791467003 1.21294999945572 1
-2.13814896884278 1.48435565237814 1
-2.7510917231209 2.78005292583226 1
-2.86409851385221 1.17796185390325 1
-2.98537237106837 2.5604707834674 1
-1.86189809540633 0.391602724920208 1
-2.48564102613069 1.93042670830253 1
-2.62533989813945 0.901640791839698 1
-2.77387003126122 2.37037745167649 1
-1.44408545716581 1.69239262498912 1
-1.87120783544776 0.359980967784472 1
-0.836542913549881 1.27841638693177 1
-0.586315904079173 -0.889410704948797 1
-1.75462942001877 1.00575283493405 1
-1.58896977388516 0.584656762615635 1
-0.905660896504806 1.65312893902229 1
-1.70300598302432 2.30864663333547 1
-1.8542318440475 1.6437546966232 1
-1.77246876492565 2.26634215958707 1
-3.7766886395257 0.292371547796817 1
-2.57600773462251 0.220537165708306 1
-3.70409129859368 0.857450383228586 1
-1.65760779959738 1.91276163358501 1
-1.24934285222022 1.4169294213736 1
-1.79200189956041 0.915592396025378 1
-2.03091177141775 1.37360174265216 1
-1.9617676518722 1.26512313291601 1
-0.716570443174631 -0.452085844973991 1
-2.75674506429805 3.16740232704583 1
-2.00054618257687 0.864209004228798 1
-2.34746310828394 2.36944243691132 1
-2.27766195668393 1.57048053689859 1
-1.14180218268087 1.19949493894447 1
-4.03614475487181 1.33040915739203 1
-1.36617030893761 1.95017524914675 1
-3.45432988498818 1.15619635195922 1
-2.53124742730237 1.93183343333214 1
-2.6343741309455 2.07615101305605 1
-1.86618181879479 0.746844926250765 1
-0.383076343379583 0.188891900012355 1
-2.29879974413223 1.22990712691846 1
-2.49358283852222 -1.75733848372669 1
-2.38144894474857 -1.56180432137296 1
-1.48258511717627 1.48676573042937 1
-0.517252293183813 0.881159980368378 1
-0.228841014000741 1.20112193805084 1
-1.40820984621598 0.736715935193649 1
-2.3784626324284 0.635700296987243 1
-0.812050150045494 -0.462240589022633 1
-1.92764890987852 0.19124425860171 1
-3.34310211197633 1.19898824525004 1
-3.22164146568756 0.373323011825492 1
-1.92611267493387 0.873001800451933 1
-1.94396188107073 0.106567790096469 1
-1.72934141392303 0.716681633430989 1
-1.63374471417493 1.35423253543064 1
-1.78894952808696 0.320844975949046 1
-1.91095538078495 0.983457066272151 1
-1.21561429424377 1.36068489449991 1
-1.93433333963303 0.0985961408803395 1
-1.48372042716076 -0.0944949008541942 1
-2.26746180312086 0.00538071223628667 1
-3.0642033408339 1.61412052870314 1
-0.219151521049645 1.59439631495197 1
-1.63771535267547 1.23238300748491 1
-4.30468623555474 0.949349701058712 1
-1.108714698938 0.167005915004362 1
-2.17648573584663 1.1862567442029 1
-2.66048902897091 1.59691472921346 1
-1.45352684191414 -0.100228303825435 1
-2.53891290201444 1.58492994428012 1
-0.739674145418331 0.869691484334887 1
-1.58049344936974 0.652681272988135 1
-1.77969265417066 3.61099257816675 1
-2.51761001404367 -0.114194130496881 1
-3.08910520024405 1.37868929072419 1
-1.68161466623092 1.6639600352728 1
-2.10133930740306 1.26380236202272 1
-1.23128547247846 1.7126537308906 1
-3.25949001679927 -0.378169645561076 1
-2.92296310985648 1.52866402082341 1
-2.00857462420325 0.287579640247468 1
-0.701381260736239 0.876008343591527 1
-2.09521092656188 0.33823224030648 1
-0.750484553094688 3.4470258814515 1
-1.30705654281646 0.781484126043057 1
-2.45420634334583 0.854908155977793 1
-1.48099894639071 1.14150601968571 1
-3.95329339466205 1.40246487011826 1
-1.9376031680106 1.03575481298962 1
-2.04962721329094 -1.6856882020297 1
-0.673889602074719 0.985005271762938 1
-0.467995161445702 3.10326534090545 1
-2.16005863059513 0.582369234411856 1
-1.51149577615439 2.83273333202589 1
-3.38134250465791 1.01725628862749 1
-0.0423487148879937 0.116969524842242 1
-2.7350078749417 1.42803437125015 1
-2.13334510694163 0.773820780965781 1
-2.94173846055647 1.1897769753754 1
-2.74747652182788 0.613155884447628 1
-1.6809044888872 1.55696449709606 1
-3.71437914757781 1.2094725111298 1
-1.81206849638236 1.90875525085536 1
-1.98640861352824 -0.575716337292919 1
-2.78198180494614 -1.06825673665221 1
-4.12020927749902 0.678878772906671 1
-2.36071643686498 1.04219957480521 1
-3.23873133613291 2.13129509436934 1
-2.20818587119756 -0.411038212710252 1
-1.11074060708642 1.52340098382993 1
-2.2486200141157 2.1856878383228 1
-3.47465561169351 -1.71481820376272 1
-1.72545292186396 1.44391259126422 1
-4.29318378768826 1.54262401828546 1
-1.64321189182422 0.544304351747597 1
-1.49737877942222 0.422596870017539 1
-0.406363630376055 -0.169406280288219 1
-0.570580233327385 1.59302360334386 1
-4.13093234395886 0.859283560687001 1
-3.20382920603919 0.428644494460121 1
-1.87089736298336 2.31312851819204 1
-1.10819759571847 -0.304830612962264 1
-1.41376649319863 -0.510966574937412 1
-1.07813324333668 -0.0840677012235991 1
-1.79925806970222 1.90614656015261 1
-1.71045399638512 2.18732056679416 1
-2.16534371353794 0.44839513033497 1
-2.11996757571912 1.11000925649944 1
-1.59285882294415 1.56096531293524 1
-2.88666569032501 1.31493273518164 1
-2.98157044738076 0.773979486243208 1
-2.49181497109532 0.388084094354812 1
-2.77348733690548 0.0701212190066615 1
-2.35900042219471 1.19331771001 1
-2.45616285041232 0.642379991823249 1
-1.57559435754974 -0.198865521392712 1
-0.933591101844581 1.68344811787403 1
-2.52331320876315 -0.277198970550245 1
-1.88860735778597 1.98533932848834 1
-1.2588498028474 1.48633272013146 1
-1.66893355696507 0.711002597384709 1
-0.927523010946688 0.691859110781045 1
-2.73369244171723 1.72832210763254 1
-0.380260735358095 0.718587098939714 1
-1.35803702497674 2.64361404548246 1
-1.33631362530577 0.755649115507174 1
-1.22569558468813 2.27863587551969 1
-0.875457309600579 0.245924156381555 1
-0.72003093077145 1.48732012997709 1
-2.38039503238639 1.73430270406546 1
-1.93458524619412 0.124131463836846 1
0.082627515640008 0.133018779584884 1
-1.41655564832977 -0.738811565435658 1
-1.98744276847969 0.0302756015528014 1
-1.38504999073441 1.09814318783517 1
-0.779435320318568 1.12362438822496 1
-0.861671289130633 1.27195779842822 1
-2.22183487171801 1.85592459428021 1
-2.7494044795188 -0.991792807542799 1
-1.7821555908538 1.27355089066172 1
-2.15312423835014 1.56762701115302 1
-2.19997622800588 0.627252821139049 1
-2.90396620569829 2.33172022643771 1
-3.70336449770795 2.54132037421562 1
-3.15183896955539 -0.0666306272168453 1
-2.3317671581287 0.339613039672733 1
-2.00366172529703 2.84023952732712 1
-1.40267188779724 0.433981301649574 1
-3.34067110838949 -0.592700594721755 1
-0.224780837595629 1.07541929287857 1
-1.17047867863862 0.42969177903727 1
-3.80452801945535 1.44320253246088 1
-1.05808874182599 -0.301912981253959 1
-2.19569787795722 0.401458798548876 1
-2.23029725165101 0.513002204634786 1
-1.88849350656123 0.946198161615738 1
-1.4600773528062 1.01167308512782 1
-2.51901082307178 2.62311160802152 1
-1.24399796329281 1.20354761018199 1
-2.30022416144443 -0.347964315708583 1
-3.60648149926712 2.64843074841323 1
-0.078662365348585 0.155997904299504 1
-2.7522438593256 1.86804440684473 1
-1.29101751984491 1.04969151009295 1
-3.9604158643529 0.760743216098711 1
-2.48423341674523 0.509265942667778 1
-2.84761205466808 1.55686582655647 1
-1.14407201348033 0.0180276535183411 1
-1.37491001748451 0.945700514377701 1
-2.0980723279571 1.48777646774554 1
-3.66632945141553 1.1411398982771 1
-0.373280938426329 2.20301984740595 1
-2.35136393850898 2.77858350580507 1
-3.68088694656745 -0.223457563611947 1
-2.08151622609063 -0.845115823022037 1
-3.46374840490719 1.88165157723714 1
-1.85230447537131 1.34709610263596 1
-0.579731874775179 2.98050561636025 1
-1.99067352511947 0.649269414954389 1
-2.70085603807221 0.538236232834855 1
-0.914509116283345 1.56176382372116 1
-0.047398567106548 0.716966040058526 1
-2.17340040000546 -0.17279236516601 1
-3.10280643295976 2.16038932244154 1
-2.15281300324219 1.32149866136776 1
-2.40299614547135 2.41269453060372 1
-1.26320981845688 2.16925150612799 1
-1.1168914708965 -0.242238211282326 1
-1.4744835991908 0.556995827883991 1
-3.86965032348367 0.545020166943987 1
-2.66534171499056 2.64886902083662 1
-2.37662841164035 0.531623586971034 1
-2.29189147039668 2.00997669102579 1
-1.51046883049725 0.576623865893258 1
-1.39740801168041 1.06146988530308 1
-1.78556057461589 2.19015567178696 1
-3.74597852583037 -1.04489700401076 1
-1.64696805099472 0.407783607586145 1
-1.1997376812228 1.30061091849082 1
-3.57758193249177 2.18708964160874 1
-3.91902131957673 2.15942272440051 1
-3.96845493938035 0.384183289416677 1
-1.90325610403966 1.35839643932112 1
-0.519966346168297 1.8310881991999 1
-1.96859822320978 0.744755753734241 1
-1.30759162037716 0.612269782557972 1
-2.46506239753791 1.24665281138026 1
-2.98670972553279 1.03693220409419 1
-1.12994702265345 0.756198585018783 1
-1.27913006253702 0.111023204966987 1
-0.579684768067785 -0.130646261237625 1
-1.28150379341932 1.31840815310064 1
-1.62186062814384 1.94434439062268 1
-2.23048813414559 -0.0681671588919064 1
-1.09031057868824 1.36194610979993 1
0.213782584306184 0.104703946647758 1
-1.61723761644415 2.18561158872016 1
-3.49804746112167 0.484055302797202 1
-2.20761224244434 1.56827200673937 1
-2.80909604721573 1.11570905672835 1
-1.79248631787001 0.492257237637569 1
-0.17528077348241 -0.739069157703391 1
-0.757015608529224 0.463781454872379 1
-2.2757877546405 2.04439989819577 1
-1.62340853840639 0.379360142920472 1
-3.20252341862608 1.82566130228226 1
-1.95772947572292 0.48390340375908 1
-1.55902491463668 1.2444532630151 1
0.709128011138075 0.980251722352127 1
-2.32696351563711 0.700754873747177 1
-2.91087620666435 1.81359661380175 1
-0.346924534223695 1.72742421753433 1
-0.571966777085823 -0.854453242694398 1
-2.10408731176695 0.385223664930125 1
-2.89101236371016 0.487159655259694 1
-0.954427077714676 -0.100961508609635 1
-0.750964760910952 1.44155068686923 1
-3.8736688034889 1.76526088191495 1
-1.76707039695126 1.54070148847591 1
-1.03055542991596 1.9521738864375 1
-0.92060940533167 0.347606215673394 1
-1.11226284166784 2.46042588224954 1
-2.78288400838803 -0.597775803534209 1
-3.26157692848299 0.768158739809176 1
-4.30594273726608 0.245679343697392 1
-3.46586042658984 0.93429540180541 1
-2.2508419896092 1.16671587318509 1
-1.47246342554239 1.0098305507005 1
-1.92490195615921 0.312474909471983 1
-2.79990339376968 -0.574077935832787 1
-0.65839310000783 -0.201073864791981 1
-2.88202116511204 1.36504182741574 1
-1.71723819109513 3.8533119613236 1
-2.32099033034861 0.994334774585772 1
-2.59635427082325 1.73478680474674 1
-1.3511599827681 0.0445219028196665 1
-1.84020394254421 0.949739747153591 1
-3.05269467131809 2.58890821079753 1
-2.05369100641258 2.2476467538874 1
-2.31051089218035 1.78628824272553 1
-2.03102912688641 -0.620474139061146 1
-3.60136888311904 -0.599668048266689 1
-3.79060909054401 1.41748605471208 1
-1.04781359903131 1.15845779496994 1
-1.78105059480731 2.79438977547088 1
-2.08921754734795 -0.0500373150539268 1
-0.401604559641666 -0.137368981541421 1
-2.39573198136971 -0.18465019460207 1
-1.15514658608435 1.72992986191481 1
-2.6335287861637 1.9537615366863 1
-4.3595547810155 0.217260981940105 1
-0.0548116202143538 0.34096906420493 1
-0.969495984403811 1.04321433392086 1
-1.89121346309992 3.82745246079889 1
-1.59702797274948 0.415579778942309 1
-1.67900400314877 2.01368398443967 1
-1.83058920348107 2.2960010002742 1
-2.41566009713102 1.62578927661159 1
-2.0485579604837 2.64663982838547 1
-3.52228098417468 1.73706074721752 1
-1.26612086792767 2.00169454975751 1
-1.97496198910035 2.46626904959964 1
-1.18236954112292 1.1089104986714 1
-3.73962838324147 0.131352872347215 1
-4.85870926385575 -0.506019844868633 1
-2.12495164670886 3.51990607692891 1
-1.76418822853716 0.3678707636851 1
-1.99980326627615 1.91266855839118 1
-1.81107123668052 1.31235536402886 1
-2.47297610999665 0.891338625151437 1
-0.78072284358138 -0.129939722922754 1
-2.31956287330812 -0.0974866621460551 1
-2.09327661541801 0.312809238154975 1
-0.135443066202718 -0.206483016565772 1
-1.78741938605494 1.72886346888428 1
-0.991233943765871 -0.172138712068425 1
-0.576685573862272 0.768191823370591 1
-2.81804766432619 1.72218790917855 1
-3.96380630238271 1.15068201145944 1
-0.245722056402241 2.22278419933659 1
-1.03151290733753 1.52056918532463 1
2.35745309295248 0.900256630967001 2
2.77132509098656 1.62510870219843 2
0.658256301574292 -0.89586262692293 2
0.967604797701717 2.2011737640684 2
0.2946543712531 1.51560107369807 2
0.528249249479019 3.81655237699006 2
-0.111605628393719 -0.41264430863969 2
-1.1671897140377 0.583199386542719 2
1.46643091815036 2.16355719856903 2
0.323888684244651 0.466529051454267 2
1.89094136576446 2.04302207083262 2
1.5627526758547 2.60255395542326 2
1.39497800236266 -0.433237717782792 2
1.27108073187247 0.560559831822716 2
1.51497000952087 0.5457888945578 2
1.57535146039817 1.48957585612191 2
0.910325524289913 0.650782967197094 2
0.946223665440166 0.067638716955387 2
1.92640783617726 -0.138944690757807 2
0.00520786358209013 1.28956804002884 2
1.59990410601583 1.77717299515043 2
-0.773556299720653 1.07409988643324 2
1.55078379779902 -1.86026491865693 2
0.334169334672278 1.61322955353719 2
2.89236140862529 0.96897176383812 2
0.68980523464661 2.03124256851809 2
0.427835268605818 2.34508472583945 2
1.29796345984946 0.0948462939492106 2
1.62612755736103 0.180123139998632 2
-0.458651888720499 1.14189133290809 2
0.216635930394675 0.116436129556872 2
2.24862010062507 0.685922411311673 2
-0.572054896781811 -0.190170621385643 2
2.05989224080463 1.98162520419204 2
1.14580587390078 2.92186707962959 2
1.06009630513683 2.39115409112417 2
1.73706814397978 1.90067940618002 2
-0.646986075834712 -0.0316479550746471 2
0.497391577140565 0.538095909593918 2
-0.395580007261089 0.365257251754838 2
1.65911879366695 1.76602367991482 2
-0.391056098553775 3.15242116034451 2
1.68709432763544 0.636101762136398 2
-0.891368381184821 1.1772011095694 2
0.89316897108738 1.21932961643451 2
1.94787751897816 0.106637168671916 2
1.07328998841002 -0.655905961109234 2
1.61719734468001 -1.29022620764667 2
-0.169901763971255 0.149029089007398 2
1.72712907418175 -0.0482327209489977 2
4.0337309123 0.418696112513447 2
-0.022976233247997 0.44186369702378 2
2.74790173421782 1.29788482981555 2
1.19441037356765 2.33818882203302 2
0.104990532779703 0.299668440909452 2
1.51480626367383 -0.158469465644883 2
0.506940045833902 1.43243461490478 2
0.759229654646781 0.155687771538986 2
1.46564309892242 0.0473021651355555 2
0.667842761807879 1.28240901535193 2
0.639892961765355 1.70669244418878 2
0.739266491446837 1.81770308411471 2
0.51406197763973 2.62662161355386 2
1.7675704279416 1.75229387728051 2
2.08019989837632 0.738172762042292 2
0.849980777589065 1.2066153404474 2
1.12866556107024 2.0405938352226 2
-0.441999180050566 1.13341253498309 2
1.53382045090718 1.0841270505336 2
1.2909471798244 1.69117690339291 2
0.88590868537642 1.70930215433743 2
1.10352655391139 1.38562714790551 2
0.764688419572638 0.58473748011383 2
1.05454693781435 1.14434209127053 2
1.65701223831805 0.999458442395568 2
0.131499300914883 1.46743817972706 2
1.67027563146372 -0.0308477342783944 2
1.39727078914035 2.26882546636304 2
1.52991264516496 0.554862294499312 2
-0.87864253673856 1.68429390747978 2
-0.910563338162363 1.52596923865812 2
-0.330620955234264 -0.406430553895459 2
1.75600246809836 1.14244100838922 2
0.09934019494207 2.19397561846288 2
1.87554310009335 0.913757748242182 2
1.81667612156133 1.37920875679139 2
1.48370340773355 0.712764856936561 2
0.758293912936564 0.753355245692848 2
2.41688058246713 -0.325458608205852 2
0.711331668277018 1.77976902197313 2
0.867242855853462 -0.016142267229555 2
0.276391566718434 0.430007232439218 2
3.11359629165488 2.26319264031157 2
0.630831142243165 1.59449733270154 2
0.472554076156722 -0.853414367743816 2
0.356562172084867 1.48524310187779 2
1.26090911430478 0.824169932648557 2
1.73366045293446 2.8420489807117 2
0.385815687562945 0.93512892911299 2
0.69045145485319 1.86842740014196 2
2.84336091930521 1.60995133530096 2
0.885871280779053 -0.561950644855294 2
0.0637547159384056 1.32466815159613 2
1.88918734614122 0.57268326827387 2
2.09438374290628 0.371629863774713 2
1.87450622765386 1.60343754777369 2
2.4520418035515 0.411143477655347 2
2.59549660955031 -0.161990646502215 2
-0.269889458007486 0.377922706343328 2
2.99383820320206 2.16876216640335 2
1.41474503619045 -0.763809720146737 2
-0.0223163480585498 1.41059912328908 2
0.461469671807141 0.356504311486169 2
1.25884262047539 1.05550724201102 2
1.51906391035139 2.00209291930818 2
0.196588142880239 -0.594824524487418 2
-0.458683877567632 0.491066402128499 2
2.4957620368982 3.1362838141295 2
1.34913474478942 1.15112096064063 2
1.58241083184182 1.56776411682925 2
0.309584364183539 -0.637134003887609 2
-0.745348904256409 0.931921473012373 2
0.929709622632356 1.08036745371914 2
0.965919694081958 1.4800314520298 2
-0.524533227011537 0.685597808737543 2
1.66035646787538 -0.29907266496236 2
1.96598219896874 1.18425448176536 2
1.48481732072174 1.835611718494 2
-0.0260266501250961 1.77335721394703 2
2.76742969869072 1.656971398947 2
2.31068659951782 0.226440541575821 2
2.22768377621916 0.804637786945176 2
0.723137318079866 2.45780154849499 2
-0.233668471531108 -1.38149986029041 2
2.73652093112584 1.43094249141363 2
1.26392161215968 1.1782533152744 2
1.27441560994414 1.40157069000616 2
1.19814071701186 -0.983647342675455 2
2.15633256316874 1.65796877663433 2
2.48461741085665 0.298582197754594 2
1.50440552990497 -0.17334854979708 2
2.38987938940839 0.275824543589154 2
-0.330781881949322 0.0514660993100716 2
0.994611103225237 0.127584679424801 2
0.175604800027449 0.759988573312428 2
-0.236434065706931 1.20450153855137 2
1.58099531194084 1.381710185412 2
1.44647709964494 2.69136938477253 2
1.61541930150116 -0.963150338123468 2
0.770277900467641 2.43881254947732 2
2.35934870551018 2.75780178690399 2
0.560242725079362 0.368480197634078 2
0.665290374632947 -0.0419299974501519 2
1.74168191415677 -0.370059565457861 2
1.02359324845007 0.863391960018439 2
2.1176989339564 -0.0514118414515097 2
0.958249531488187 0.790717988850477 2
1.27103459179446 -0.342579293336133 2
2.61385777245056 1.24425174507756 2
0.856932799710241 1.63252592612916 2
1.39529914785317 1.14502649882561 2
1.53285079874168 1.61684709524198 2
1.13354708572577 0.549869191751435 2
0.712721732345976 2.56786038516916 2
0.147367070926473 2.36894818937606 2
1.15984529917896 -0.852933487709188 2
0.977636136146779 2.08379397800446 2
1.63649642251682 1.50018633116885 2
1.61494705572539 0.948417285074489 2
1.2724113862979 1.10078954180252 2
1.84010298588643 0.65745401615036 2
0.96222206980801 0.521732919788579 2
0.906877156147466 0.0506685532245057 2
0.866998929767424 0.0376445228247361 2
-0.507537903433349 1.44106713869284 2
1.10264314712077 0.33419840992037 2
1.34658854216868 1.17150917322029 2
2.06363991164663 0.455517588642998 2
0.756814657216652 1.09086845923026 2
0.833913991823494 1.30537512834442 2
1.74508447583507 -1.54595902133665 2
2.31554329236003 0.366720205232598 2
2.72985455360823 0.847567664466641 2
1.93246813009805 1.79058155759393 2
1.49549309501123 2.06537448647758 2
3.28728002012755 1.79343251504502 2
-0.774099544951959 1.46755854816179 2
1.35347773096112 -0.311055812008121 2
1.14959822095751 0.981876024414282 2
2.28266060523757 1.04819587905037 2
0.632275106697283 0.376435858369447 2
-0.153675698007987 0.858850261042961 2
1.01896318241615 0.197556109961898 2
-0.371599558853401 -1.18398929319254 2
4.12368569567099 0.359524276161118 2
1.86110277879693 0.272824119588526 2
0.0884349558907472 1.72054255494292 2
0.434228589452822 -0.643767025594392 2
-0.168416074032443 1.20067673522779 2
-0.592643768746088 2.48522169940778 2
0.924328613965244 1.23574504463898 2
1.56569524451483 0.49597341282886 2
1.01192567394219 1.35739429103277 2
1.45806607872985 1.38934499654411 2
0.750978006020823 2.23794715671944 2
2.11178864462689 0.389875294432432 2
-0.900639247738859 1.47303407315642 2
1.34360766363088 0.52537571790217 2
1.49026786375584 2.16931537935455 2
0.943230433111002 0.117054958585881 2
-0.0727414485504685 1.23894533111444 2
-0.332012907809015 1.30652547457061 2
0.685123100643408 1.87360504983016 2
1.12782979241454 1.80740250900719 2
-0.133076791941911 -1.39356217851716 2
1.70279802033429 1.07363673007782 2
3.53511237801933 -0.374514256278567 2
1.10852412187856 0.164962602803371 2
0.198776078888409 0.555370971974982 2
0.520133546855448 1.16538584003909 2
-0.326403881801733 1.05146282275994 2
2.63650473525911 2.60467602464758 2
0.0409396146748927 1.43936737596324 2
2.25848167342242 1.38056043570997 2
-0.278281861281336 2.2607960554543 2
0.953521023327232 -0.165682250545407 2
1.22930851982455 2.04060290809752 2
2.205736260193 1.11806589263479 2
3.4369837869628 -0.699399377600949 2
-0.166512489228094 0.820443149808972 2
0.356699417330592 1.17649696929201 2
0.733430493210737 1.399393162504 2
0.938773247934751 1.29467858622629 2
0.775620321164229 3.07919206924185 2
2.2762406171864 2.03892124345015 2
0.966264485021467 0.124578473217648 2
1.03826770982726 3.02082507232443 2
-0.0969305083606065 -0.581111575169144 2
0.5422756883563 1.18496283529861 2
1.3832081613858 0.247312985074317 2
0.890640193258775 2.77465182729228 2
0.619643112357382 0.844346354043467 2
1.59407544805725 -0.484948750358752 2
0.688206270695523 1.41465691788187 2
1.78665496274728 1.15408312921978 2
0.633378787190924 2.72165971990139 2
1.45036894804403 -0.371861416263888 2
-0.194910974024393 0.566219663365763 2
1.40463822104787 1.17534918804461 2
2.87117780922465 1.44828535110718 2
0.533506630414713 2.27453024439385 2
-1.02469224979363 2.53592680874764 2
-0.185174194647298 1.85892829228898 2
1.51312646013915 2.24244066015745 2
0.880681228802531 0.60326289222321 2
2.61549991676994 0.109869605409921 2
1.79929303910145 0.632016139031335 2
1.47072304111262 0.132988079024985 2
2.16368216546471 1.51565457068924 2
1.3606571077042 0.967170701188377 2
3.13006748507596 -0.191739763685421 2
1.49099398225202 2.18393085402208 2
3.65769905627504 0.274477558116461 2
1.34620280586128 2.03530641334899 2
-0.0472086937786038 1.7928349906529 2
2.32025692321097 0.781207040545824 2
0.895861087547381 3.5047327235637 2
1.74618464277985 0.0276517057666151 2
0.537922542517268 1.02802381739457 2
-0.108231366535794 0.0247794848675743 2
1.47738608636293 1.47864341108279 2
1.33516297096141 -0.148217193608926 2
0.345725590467132 3.37183413860824 2
2.42454615588973 1.12177745568925 2
1.26098605465919 0.953019542640791 2
0.123529024970454 1.7666154546774 2
-0.852824604839313 3.73965199140536 2
2.10605782080863 1.53488962802618 2
2.29300688747347 0.290124264351872 2
-0.0084878208162722 1.44670534670364 2
-0.272118471487135 1.21759015340198 2
1.3774148871496 0.690863608445805 2
0.370651462222296 2.19406283897094 2
0.814660451845022 -0.462902272853354 2
-0.0829857434571775 2.16973494837514 2
1.44233024324612 0.935016551912435 2
1.72800953644994 3.51806233577012 2
2.79700193800932 0.750844683489628 2
2.1555759236333 2.45813289467486 2
1.96842612942242 0.424228604574776 2
1.57705608162649 -1.13224831950672 2
1.32207030649378 2.1152635201596 2
1.20073114256478 1.65362271450207 2
0.336112091784723 1.12301000282275 2
1.35689598621652 1.29583016302549 2
0.389458577298001 1.39377552090781 2
0.971054343072515 -0.597820733243383 2
1.15316820273761 0.902240857792412 2
1.89425638886406 0.673106613385513 2
0.457320583289435 1.302687093589 2
0.496630907395534 2.09381325110548 2
0.891167767932412 0.166512652821251 2
0.957242324445279 2.5159515884431 2
1.34492486920483 0.753913287254451 2
2.04932443422481 -0.354939366351027 2
-0.0230128563012906 -0.0141920888791023 2
0.517049493689366 0.804501012165021 2
1.06874280435244 1.24303684110306 2
1.09738681273909 1.73826981522989 2
1.61021161638944 1.33974338381526 2
-0.24198971955086 1.0897323939158 2
2.59257698665697 0.139785045691687 2
1.52408065657249 1.2766373464242 2
0.416979248464101 1.46828025638968 2
1.9776496916497 2.44465306188132 2
0.988301141810399 -0.0201833498623654 2
2.03633903123488 1.13965359818204 2
1.66513456302827 0.173228234550835 2
1.75714029404334 -1.03296782015991 2
2.48873321647089 2.25440805982664 2
-0.138534452656525 1.42639702882292 2
1.45866656774001 2.27010557543793 2
0.409941759963 0.74387216716806 2
1.14591814950655 -0.626653079425983 2
1.41988369025205 1.44059158249747 2
1.78897356696132 0.79159141650732 2
0.522281508741651 -0.0463459546542944 2
-0.27924584447635 -0.121713837845229 2
0.198587909535189 1.90462230709342 2
1.23620457500174 0.370182469634401 2
2.24121495046567 -0.436787590547469 2
1.41951014307808 0.734732749488012 2
2.59487128428875 0.29747718701031 2
2.26922835551772 1.41478477849841 2
1.91929569966266 -0.413987450413006 2
-0.580007249990865 0.0596524016801026 2
1.47161542601443 2.31581955424988 2
0.269650735403739 -0.389599011532822 2
2.9545245002535 2.23003255458587 2
-0.152443757931467 2.00963640426559 2
0.905672493960253 0.0298719424710685 2
3.70887221162716 0.899647477224511 2
2.36555347959119 2.41287157451146 2
0.361987627276655 0.352055183484424 2
0.681880652880856 1.63304543064055 2
1.6846657795895 0.405846634454706 2
0.228335884002791 1.32937989744057 2
2.35142440704446 0.976910239631585 2
2.35339466060218 0.954366300302114 2
-0.413829374021384 0.425203259369044 2
0.835043837548094 0.232402386241734 2
2.13037820779938 -0.0733129631909681 2
0.512387166914955 2.40166097966821 2
0.906714501350388 0.371523160844539 2
3.15333905469529 2.42850131553332 2
1.69014334855927 0.141064007517387 2
0.949199007545271 1.04911248640533 2
1.68535818089309 0.151896042466083 2
-0.0796639617171686 0.73907407652684 2
-0.138727473195164 0.870828006627883 2
2.17330884954463 0.960230346762756 2
-0.588365578779078 1.1881706936786 2
1.94882224581918 1.9363798590799 2
1.58785282085043 2.09495136396744 2
0.408293273208709 1.55336480924632 2
2.58581554491059 1.11424036447014 2
-0.0810926895773096 0.186467649446297 2
-0.668332098888281 0.55364840401673 2
-1.48593211608108 -0.178621599837387 2
2.00019158003722 -0.648892620501321 2
1.48110984448079 2.43781003128048 2
1.76434547252177 1.05274259653861 2
0.00807399138811971 2.23418450983392 2
1.44713899109724 -0.101483068296993 2
1.58076071218862 2.03127577413909 2
1.04924432379286 1.53207048296479 2
1.76104350667557 -0.548806922552849 2
0.899346228169593 1.9257008855931 2
-0.0857688274933317 1.59023495086111 2
0.507882401420815 2.67146989559284 2
2.91816905114828 0.66282468268113 2
1.45751850945633 1.4344013005219 2
0.441180947970939 1.59474876625392 2
0.804215980590184 -1.1834020182453 2
0.656211056517021 1.26430133124771 2
2.71195661480102 1.30018912759129 2
2.44861004665031 2.49411335303987 2
1.63157159189448 -0.597456019618247 2
1.69465995027037 1.21222836323209 2
1.4593104950389 0.517702352902658 2
1.12045997473445 1.89957641553512 2
1.38802354392955 0.129829410830532 2
-0.507113729498718 0.391654229480619 2
1.07334001844101 0.272109858969272 2
1.29549012448355 1.85056536972776 2
2.7234546534483 1.58620751697624 2
0.967435471544868 0.484522417270154 2
1.60447925539725 -0.868343981318615 2
1.04326457512244 -0.145828237193143 2
1.04890872403516 0.168554780002185 2
0.525815363813039 0.536125915644197 2
1.2216512935541 0.0514687669956571 2
0.528204753313144 0.388242551521459 2
1.55217566221374 2.56621162658054 2
-0.257478495370522 0.544369721837655 2
0.564628937326016 -0.696723192734828 2
-0.0271268983647222 -0.0643243742092132 2
3.39682661147471 1.49096042888177 2
0.0709009536161741 0.767910023803724 2
1.14735155734103 1.15329217926627 2
1.41681460302247 0.314318333244971 2
1.22205450414152 1.73449836274013 2
-0.276620051982172 2.03705743433048 2
0.776624017588664 2.29179080529488 2
2.58449117018046 2.02820504442689 2
-0.286716527910879 0.437511091185835 2
0.670893934506287 -0.000856002528785593 2
1.303095550368 0.00299063977813219 2
0.644761432302914 2.92838234295414 2
2.8879906701663 1.48139006635103 2
0.324231162676868 1.08168406325151 2
2.06761051835283 -0.0294224863866699 2
2.60761372337249 0.984058604824884 2
2.2787092784637 -0.643766195817011 2
1.13600487460079 -0.177635750456582 2
-1.1026034693024 -1.34766781959015 2
-0.294824718179378 1.6555715615799 2
-1.40620558689919 1.74452443399754 2
0.683037738891329 1.6167613838463 2
0.470983033547819 0.84048495395749 2
0.213572251062299 -0.68236520100761 2
3.03902355141191 0.338443392609632 2
1.51988206824766 2.87989531659397 2
1.15790467711562 1.42375575581378 2
-0.326338898258921 1.02834681893435 2
0.687280134092709 1.30684487621812 2
0.160127618689124 1.71781560537067 2
0.520338049363425 0.586679404930841 2
0.388175496371423 2.29415879782562 2
1.7969194608452 2.06599857584276 2
0.488019417631391 0.92995757712069 2
-1.20310169089912 2.72246710284671 2
0.654503020891156 0.861557403240686 2
-0.0595157518081011 0.318505181978118 2
0.605170916006439 2.34952362977652 2
2.34934806977739 1.77961559845036 2
0.958577686478688 -1.09864526779899 2
2.22875788454639 1.39976522927279 2
2.2061196080804 0.161282478741454 2
1.32103715008299 3.92242111408852 2
-0.522804073953732 1.67995533731341 2
2.36648455988449 1.57796800718746 2
1.27593852235592 2.03315619315288 2
-0.267735219134523 1.56085615977895 2
0.663909908620704 2.05645422114051 2
-0.373122753536036 2.87657075741593 2
1.43210726543106 0.744633524706191 2
1.04781447975806 0.325579040487816 2
0.0603570110892686 1.12010504165998 2
0.0407468702582148 1.06221841477459 2
0.339110355042843 2.15729370826095 2
2.47141106251351 0.105694996200926 2
3.8060887747825 1.35283064532338 2
1.42761263173781 1.38559284689484 2
-0.912081195802946 2.01329489350607 2
2.44693502820569 1.27519581067036 2
0.414324277554389 -0.113156374946075 2
0.603521469374377 2.22348517313236 2
1.9218750715206 1.44489609529637 2
1.85067905675052 0.114162028085707 2
1.53167679569076 3.04054598593428 2
2.14786556379538 0.181389025358377 2
1.71341611598718 0.339447906438909 2
0.662652891202697 1.21190634930569 2
2.26475975221309 1.00699797936541 2
0.352243228393876 0.833244525108247 2
2.55786996698138 1.27017480626296 2
2.8803332904414 -1.04118091727692 2
1.25259760999057 1.94504626000105 2
0.556788703886193 1.1248994400911 2
0.472680852626708 0.144100056092467 2
1.80440138952384 1.24151905270638 2
1.47089101689426 0.484717493043935 2
0.635060350832723 -1.06932583960119 2
-0.893282205813778 1.04548489761979 2
1.151709953604 -0.327804690468981 2
1.40806370308562 0.0867889462337026 2
0.791665818772577 0.0837538511682487 2
0.564230325659297 0.425349069528267 2
0.00869824598534752 2.28721065886005 2
1.38090638217542 2.12301548345572 2
0.328896126831985 0.222415159868877 2
-1.02625446696548 0.477012537725209 2
0.905011653281778 2.25776455845004 2
0.705512502049733 -0.9730197715181 2
0.415264432984484 1.03592217253101 2
2.01586355314857 0.8292003376876 2
0.334020818467557 0.559675772514806 2
2.03139781962109 1.98667536125805 2
-0.323475251353889 0.71229593899759 2
1.59719020280919 3.07999188386918 2
0.789964124580864 0.0275745039984382 2
1.29031220484582 0.494802156150836 2
-0.203115325826592 1.05196618989051 2
1.01321291401218 -0.295617096462423 2
2.87632421776822 -0.411388764282568 2
2.09829749772659 1.51469240699242 2
1.32375459677133 0.610264802928658 2
-0.10845866116396 -0.840883781410499 2
-1.19157115302514 0.0676411003399447 2
1.3057078782011 0.466959322011715 2
0.628254935517153 0.69526437183749 2
