-2.16372967294399 1.39095100066497 1
-2.27583079358864 0.816032646361638 1
-1.96987580441375 1.39217317294914 1
-3.78774072618893 0.752481485072048 1
0.0736442769524057 1.46830168246595 1
-1.82639419237434 -0.681448810680721 1
-1.12835852451546 1.29867507515206 1
-1.2117492283461 1.37556162620693 1
-1.95366252605136 1.66994049743727 1
-1.58571736814249 1.94217269058762 1
-2.68383162817953 0.784226315112396 1
-2.51426401277479 1.51365535279171 1
-1.71390000081747 1.49876977790468 1
-1.89838277618162 1.8496673975627 1
-0.428917257976853 1.09680909172587 1
-1.44194916037256 0.207384649989863 1
-1.91335039607084 -0.333919727409403 1
-3.08923936754518 -0.433481612003525 1
-1.93671277714181 0.898130226154891 1
-0.94025573019281 -0.589428423868796 1
-2.51286752053262 -1.99644248032645 1
-2.99990780455009 -0.545710237483624 1
-0.720960816131581 0.456260333123953 2
1.56008019798134 0.35070744011429 2
0.635143304226711 0.23651024039894 2
1.60876447212933 1.79889519200538 2
2.1941225654397 1.94717171213706 2
1.87501422740116 -0.185512213001577 2
-0.117375734511109 -0.350656404790037 2
0.173310955157302 2.55612648478528 2
-0.374257753431881 2.81062034044733 2
1.33369398115309 -0.758249359228492 2
3.03812462326665 1.83802241547171 2
2.44269649219181 0.761047531452859 2
2.08271323948688 0.287126411017341 2
-0.802965331171249 2.01525322706887 2
-0.47667569611958 0.0783872389081718 2
-0.198621920321391 -0.417556573092424 2
0.97649463750071 0.269552940881322 2
0.62616806069284 1.76439664712095 2
