-4.92647740825856 1.40401584905794 1
-4.5304405402858 0.429539287069096 1
-5.38275474809336 -0.29622967439297 1
-4.72325338698413 0.611326047370113 1
-3.96571164994435 2.88625085789918 1
-4.94780716254054 1.45526010589383 1
-3.05856979367871 0.209664791050453 1
-4.9497985254009 0.642642002092913 1
-4.27750892960275 0.832520801438135 1
-4.92025747075458 1.7546623380525 1
-4.38275363150601 2.26143838549595 1
-3.94268244104339 1.47430058343091 1
-4.32757230836686 0.316526815237282 1
-4.43522310865256 1.19040571215017 1
-3.71730699462123 1.45591356906407 1
-5.72035973653639 2.31061969816428 1
-4.2631826763519 2.08405730616553 1
-2.87234684395487 0.494509081333079 1
-3.3149027621469 -0.522696538111202 1
-3.52083141813892 2.17408549630548 1
-5.42170901092527 1.77108270990884 1
-5.00700963498085 0.237279124077628 1
-5.23093092384255 -1.35826983671175 1
-4.9336654275508 1.14644189547465 1
-4.2314551535289 0.325381893616609 1
-4.63923889380586 1.1241355759746 1
-4.16882932738143 1.51515727838763 1
-4.31400594563846 0.277379304717472 1
-5.72619877177403 -0.395308713127085 1
-4.97791599164604 -0.186904587328764 1
-4.04515452104779 0.382455765572314 1
-3.22606693948695 -0.131131535115643 1
-3.67173160071777 1.15349656385073 1
-4.34045638520639 0.109363390166871 1
-5.02568274062163 1.60616085299003 1
-2.98570852771548 0.0693896311980908 1
-4.28332706766037 0.870846639555414 1
-4.72485443087005 1.66636863354232 1
-4.36496992127769 -0.3194924555342 1
-4.11602757134793 0.118699538644178 1
-5.29391252384929 2.24741628401014 1
-5.10418953729907 0.323925229854759 1
-2.27884384250566 -0.664928673245799 1
-3.2789107995811 1.00805259562451 1
-5.13191148427275 2.02265787736921 1
-3.53193211610489 2.14955613333062 1
-2.11337505461341 0.0272850712212687 1
-4.72669461606829 0.932304943633854 1
-3.78488328383686 1.63602873217935 1
-3.74931150494746 1.76714844415085 1
-4.40131457172661 0.784216076724825 1
-2.31018498808991 2.45313878409593 1
-3.98420630178998 0.136389562910635 1
-2.95462052020493 -0.49859640003608 1
-3.91615754330052 0.233394967508316 1
-3.38983119465756 2.5044498140972 1
-3.54415697817585 0.193807298935475 1
-2.99741775802485 0.344146103261569 1
-3.23797279009123 0.892155180595079 1
-4.55638241306666 3.16661795120147 1
-4.93041111110649 0.877772790359749 1
-4.30327269026969 -0.374474885345927 1
-4.73758705250853 1.05532476110587 1
-4.92250928832926 1.95814495603688 1
-3.4250481934819 1.88742309584264 1
-3.08965787897309 1.4608230931808 1
-5.13980645080922 0.25119878105422 1
-4.99053320530506 0.409758789780128 1
-3.66711465690059 0.0781589920810121 1
-5.20451295637476 2.27988891717512 1
-3.83027746984896 1.66434766413825 1
-4.23988534523232 2.08663096829803 1
-4.58981743765434 1.25421257173481 1
-3.29748106359306 2.46187878016687 1
-3.84682909291759 1.0279158835876 1
-3.48204308485257 1.78888182562207 1
-3.16755783949516 1.5070715919221 1
-3.01776407866626 0.0633310919929774 1
-5.24066372411812 1.09142420668621 1
-3.41813587116782 1.27871584084489 1
-2.26277151102985 2.34007034722876 1
-3.37870000913602 1.63848716043358 1
-2.97070092384887 2.03455570396218 1
-5.81124200532533 0.947387318704262 1
-3.48661795825337 1.59508336113685 1
-5.79212253890246 0.714525938458304 1
-4.68735360335387 -0.534754479844769 1
-3.56601150756653 0.797781297489753 1
-3.89535698144265 1.79518683778504 1
-3.08410420229704 0.853646552127296 1
-5.44370825420097 0.965333414304033 1
-7.1554160403528 0.970122071784469 1
-3.34261997795365 1.71461287293246 1
-2.53589876547742 0.310826151799953 1
-4.25923888441068 1.03969634117254 1
-3.6267748036655 0.483246207159052 1
-2.62622657859449 0.085845880182658 1
-2.92039972094068 -0.726439805595921 1
-3.44028853176173 -0.481380793849678 1
-2.61775105937664 0.0199156288850117 1
-4.78732451350089 2.01958345368203 1
-3.96665834362928 1.27185229467446 1
-2.57488240161618 -0.580125401616614 1
-3.20041829852687 0.272484700792397 1
-2.55753803045373 1.07725882926611 1
-5.74633952420439 2.11779665037898 1
-3.39129008494911 1.85418150191167 1
-2.56875728681527 2.69416612781497 1
-3.91338170517234 -0.612898140302349 1
-3.34985726494793 0.173456024714401 1
-3.5115684342275 2.39505258041611 1
-3.84551757312424 2.38570783448928 1
-3.92757955791388 0.629955339857059 1
-2.63011287143802 3.47996152260254 1
-3.92140237578909 2.18633398183764 1
-4.41371503449822 1.89827924464572 1
-3.39674196902168 0.603825255377641 1
-3.44964510780365 0.264675399404996 1
-4.13551730163392 0.844254858660762 1
-3.5195154856809 0.774415154668184 1
-5.61618377960477 1.76046095168759 1
-2.78873525876374 0.461685321086101 1
-5.10493707500133 -0.717198934570651 1
-4.25551651050456 1.9599846158061 1
-4.06718980118574 1.06152565622804 1
-4.64254577376996 2.21669630898066 1
-3.89328923686686 1.81211152163514 1
-4.97211757145408 1.67238827997907 1
-5.60173425676992 3.02902463284626 1
-2.37964335286123 1.79138363142233 1
-3.50755343724117 0.775342785700696 1
-1.87953809966278 1.23501685206505 1
-3.48788552906561 0.501056462499546 1
-4.79750149657256 0.90190106147349 1
-4.36010197763273 0.88081550985056 1
-3.52360054195856 1.4732365955059 1
-3.76889773641925 -0.0797560022592219 1
-4.53385046563857 2.59605434681254 1
-2.02100447383632 0.51202553380066 1
-3.85672814739976 1.20516038253781 1
-4.21814396492708 0.946741081218052 1
-2.18786457037329 0.5049178857941 1
-4.27419285945019 1.31907251306022 1
-2.84638148026296 0.693976773225153 1
-4.17936839513876 2.61412462913877 1
-4.84194109278691 1.13790146426493 1
-4.62536053759013 -0.33095403479875 1
-3.45643033120962 1.3690895844259 1
-4.27703151008657 4.93665007131245 1
-4.26843668046648 1.06156255371957 1
-3.72239776838374 -0.0217121796554696 1
-5.38098209637511 0.394645287291428 1
-2.90623086770633 1.88557715405014 1
-4.4010349152982 0.530591665433267 1
-4.02683248011496 1.27511200804984 1
-4.59360359922035 1.0532535571763 1
-4.63562954049064 -0.213160325052791 1
-5.93955065496548 1.69224884041998 1
-4.68649745390193 -0.109836874793725 1
-2.50305868419033 1.0086984783984 1
-6.04958923829555 0.32061452450801 1
-4.11562848130996 0.769517493366029 1
-3.68714707455212 1.6410549330181 1
-4.9694741803859 0.0256734121843127 1
-2.93522265791522 0.837582879982551 1
-4.85992898243829 1.71330416647539 1
-2.45597369777657 1.07628287384672 1
-4.1616612928483 1.43228335686281 1
-4.74603601306911 0.480097688056245 1
-2.96802734040395 1.92360736752705 1
-4.48162449239409 0.0664632070639701 1
-4.25513770731945 1.00320331173204 1
-4.32117559328727 1.22404883822816 1
-4.89992316535234 1.96391723792882 1
-2.88027024379135 0.84334005105637 1
-2.10681347171574 0.971785602643764 1
-5.35071786452739 -0.372208837881325 1
-3.96414511706968 1.22733968508462 1
-6.87539862949679 0.386426675154644 1
-3.91178931511496 0.772950793771538 1
-3.13168171032063 2.16587065492091 1
-4.5890733588733 2.76766652582897 1
-3.64191601991422 3.2298082692456 1
-2.73012836901396 1.77460650105172 1
-3.38171704754709 1.35625790842647 1
-4.6807787664638 -0.0244397170879356 1
-4.70894954211451 0.827557288862003 1
-2.60783688716114 2.45721040657487 1
-4.35724525130747 0.522138766718472 1
-3.65553694787645 0.886954449917447 1
-4.78622139086218 -0.186423232734904 1
-5.39758871093761 0.475748125356121 1
-3.83495284819214 3.29456166493754 1
-5.01866371977617 0.472106656103055 1
-4.10852790419676 1.46086459162305 1
-4.73086632386379 2.29484498239905 1
-3.03734691797513 0.216789788305457 1
-4.12953779383801 2.13738616816366 1
-6.11002379931428 2.17422320844237 1
-3.44327532702126 1.03342743150397 1
-3.60636960593022 1.93300117479068 1
-5.39550137821038 1.50726879428221 1
-0.979134336166261 0.806878430087694 1
-4.91337728186919 2.39904113349851 1
-2.73856628938445 1.91989270573878 1
-4.8643932128292 1.68710274501789 1
-3.92893950744412 2.66547847155228 1
-4.30484006308716 0.567423763055092 1
-3.90060509622406 2.02824917479954 1
-2.84711148647748 -0.533537937084092 1
-5.98008824894054 0.796417498016816 1
-4.19474869923726 -0.0199421064607181 1
-3.78739284309959 1.68663888963144 1
-3.79624387980541 -0.283433474251601 1
-5.19728724873733 1.15029711979701 1
-3.44536727568212 0.908887437868787 1
-4.46617422734817 0.993950003771458 1
-4.25271174319013 -0.399863343849601 1
-4.80651841800968 0.596047768224637 1
-4.88130681602406 -1.18755215156487 1
-2.58991028871005 0.569028326939411 1
-4.43344118820208 -0.079750558553044 1
-3.76730725110126 -0.69718461349969 1
-2.93355898973549 0.845487090162687 1
-4.27795825349273 0.110048290455969 1
-6.06114834108806 1.66361727240634 1
-5.59251765547295 1.9065711516002 1
-3.45380592680438 -0.430401247307813 1
-3.86622358975185 1.2521077801239 1
-4.26762517396337 1.60773462515421 1
-4.9449950787332 3.05979788479403 1
-3.93642442313284 -0.443656790189972 1
-2.73910972110461 1.6707318492427 1
-6.7000329576247 -0.531823385497437 1
-4.51961381469187 1.4781170447648 1
-4.67831721990454 1.27096271816512 1
-3.11407339463715 0.669200309348776 1
-4.58457287547756 0.604516463280191 1
-2.36199230247852 1.25771262637731 1
-4.53729436042606 -0.358786323182792 1
-4.12637513988192 1.74211009735589 1
-4.86521332491406 -0.349751981387707 1
-5.99428281011426 0.565923067328375 1
-3.60022696780232 0.0705994133855679 1
-3.19027909237359 1.82788960810354 1
-4.1811921290938 0.783348018890277 1
-3.142280858385 2.51788723227728 1
-5.36706420192782 1.93583885224165 1
-4.78950360744636 0.558651715976114 1
-4.180441845195 0.916225389965732 1
-2.89648994740111 1.05227297358508 1
-4.59941283451492 2.61212009488893 1
-3.58410380216417 0.863880620778531 1
-6.41891050525465 1.84067970140071 1
-5.32015070074845 -0.0406486267872177 1
-2.77814089836112 0.816762436482025 1
-3.30520492911034 1.42314339663468 1
-4.29340489122317 0.598021798170702 1
-3.7860911843081 3.90697291836123 1
-3.32080366849133 0.425828478663882 1
-5.96917817460803 0.192226230524161 1
-3.81895035144351 1.19179076487914 1
-4.82679755476992 0.797588014789361 1
-4.24180918043929 0.922156060503682 1
-3.54421925383521 2.0344976925838 1
-3.17031452094186 -2.46719944214623 1
-5.46926382079471 0.558336979818476 1
-3.47518711183558 2.48213770301178 1
-4.51298206627449 2.06687287472157 1
-3.61064724495199 0.189293640857246 1
-4.21379076666857 0.429684181325369 1
-3.76885689184519 -1.06424045242634 1
-4.17309502240716 2.04520296250662 1
-4.60432998004137 0.09887738039462 1
-4.15571268329933 2.775374951552 1
-4.30361424039652 0.925982270140987 1
-3.93096590348407 0.889477680972464 1
-5.71067053055124 -0.546712158195127 1
-6.02254581741621 1.33542903185279 1
-5.02585983441524 0.170067022763118 1
-5.85979435918747 0.669025337619371 1
-4.75762415736454 1.58645372078634 1
-3.38446860273774 -0.133623535502958 1
-3.22369121905457 1.46970118713991 1
-4.32424636226021 0.709709782409407 1
-4.64002992223632 0.520540352157737 1
-3.68002529679436 1.39180195070249 1
-2.95271406538866 1.75005163217933 1
-2.66642654653216 1.09369428388721 1
-4.13816626025276 1.19388395986771 1
-3.1785497644984 1.89788200662142 1
-3.3829661024528 0.534276799449152 1
-5.34919799750786 1.08002455812212 1
-4.38886692616729 2.22140339660121 1
-3.73562103987061 1.41404436968507 1
-5.05391038967326 1.21199124598579 1
-3.96874951426788 0.109781771087157 1
-2.96523569099407 1.13758701091784 1
-5.06008599768564 -1.8087827076557 1
-5.47181055030544 1.3627984841572 1
-5.30781198192041 0.179549080009875 1
-6.81230022725131 2.49010136789342 1
-2.8771742552598 1.29070918501609 1
-4.27930633104675 1.13822046410901 1
-4.08174251983011 -0.754389573888705 1
-2.69748574470671 0.151513141015348 1
-2.78038657807577 -0.0757195512033682 1
-2.85635381713005 1.42708313043725 1
-3.95943270357119 0.538038151120201 1
-4.93242275528135 -0.78199894142483 1
-5.04601618135119 0.922622759742608 1
-3.11992862958163 2.07607454372729 1
-4.82679053188922 1.01711402845041 1
-4.11261731863531 2.42828304706145 1
-4.90170323672435 1.44303149421345 1
-3.57293626521547 1.60685009613831 1
-2.58666531382874 0.825611990685928 1
-5.20583828945746 0.847160755723336 1
-1.55366556256722 0.180882667608437 1
-2.77917707175516 0.259140776985729 1
-3.86028376244509 2.36820960794536 1
-3.20387941710008 1.62931123037505 1
-5.04840920063043 1.08028882053599 1
-2.93230653508593 -0.301891702794762 1
-3.28832546166126 1.49337675345244 1
-2.01956157161754 1.69657808585899 1
-4.88614029622862 0.787598401808191 1
-3.82171367204553 1.06853062385378 1
-6.21373023403667 2.18364683356605 1
-3.74923352201504 0.838480107723113 1
-3.79078456513046 0.824620512478361 1
-4.5594627982851 -0.0472028042284798 1
-3.90621884383814 -0.127591603666519 1
-2.51660714523383 1.03197398830851 1
-4.108811645182 1.31663545351804 1
-3.90129093319771 1.39439015046451 1
-2.35267945831425 1.77192801381402 1
-4.1193066499878 1.15309632499822 1
-4.83774957224975 1.46594074550027 1
-5.14497488699962 0.261764602844183 1
-4.46438347529088 1.38738679838141 1
-3.47312288080264 2.52686142962837 1
-4.37366237447506 0.915054039259517 1
-4.61713822294053 1.08032094186919 1
-2.56397499682798 2.71358453496515 1
-3.65544057831999 -0.0542117146920462 1
-4.36743477590713 -0.0827586446763184 1
-3.13475309647998 1.01352923177139 1
-2.25687926345243 1.98840821241256 1
-4.4897459700027 1.82285497064353 1
-6.59255748219817 2.05634468680652 1
-2.46637955955533 1.7340129912334 1
-4.34897429814756 2.48662766002632 1
-4.98346582217998 0.426839504248893 1
-2.85712902278224 0.515336649332879 1
-3.24087337881121 1.00544342450499 1
-2.86754995156189 1.50516347172372 1
-4.67018840688551 0.562866284427047 1
-4.11987835874087 1.22339757324617 1
-5.46180714800896 1.68048979699603 1
-2.9968181380653 2.26777465109468 1
-3.40154724342708 1.68472428334803 1
-5.01531584072634 -0.217319355903882 1
-2.31779122720181 2.14858747029957 1
-5.5538949950068 0.402218165816354 1
-3.97547232976386 1.16699153299474 1
-3.55265045936687 1.05766001553927 1
-2.84250390261842 -0.367019015804271 1
-3.63435175315114 1.86182664614692 1
-4.56509640051755 1.65900970485764 1
-1.04292434123484 0.597349446746225 1
-4.69088537466006 1.5801266226503 1
-3.7987794535517 0.564087270644021 1
-3.8409689579115 1.54832860375052 1
-4.84437343130999 -0.0550073827409361 1
-2.94366374675342 2.48573125574947 1
-3.2365698899729 0.036464669217772 1
-3.74894074665097 0.724407548308863 1
-5.71674296935599 1.42424715162811 1
-3.97854556404628 1.94605334718595 1
-3.2646511297014 2.24643223144006 1
-6.05306967291997 1.55951650090106 1
-5.46847913182759 -2.03273409855102 1
-4.23977983264269 1.90735051347421 1
-3.10501299752739 2.27085059687023 1
-5.38547893240078 0.534674380381689 1
-4.98247511922844 0.90960902332973 1
-5.17158980320634 -0.318399804349073 1
-4.28198027897134 0.311555407915514 1
-3.33766726401914 1.80794577038419 1
-3.25435993644749 -0.0155964556490666 1
-4.73261885205943 2.9650381037228 1
-4.22764261216895 -0.00771652743561613 1
-4.59544759979908 0.618285203411208 1
-4.26548678946652 1.9701926961641 1
-2.90698171449824 2.64875653630982 1
-3.88365628159946 1.4863883117964 1
-3.41461720956711 0.430677858011756 1
-3.36539543160325 2.08851302676575 1
-4.85164404732252 0.944176764905261 1
-5.53252296556874 1.98307972087989 1
-5.33455962520469 1.0430131033036 1
-6.64403017807909 1.25291404829583 1
-2.21922965416532 0.330900853014437 1
-5.02049421429155 -0.141935411487908 1
-4.52235761768383 2.16401418634468 1
-3.93957016191913 2.35388231282476 1
-4.75849638536056 1.22436861915926 1
-3.52902108407143 0.695421932904308 1
-3.80290677995159 0.907983028534204 1
-3.1660423097426 -0.1591675052297 1
-3.75648860371673 -1.2414469363362 1
-5.18931565644486 1.37718853621441 1
-3.22181081592854 2.79554232974001 1
-3.40519124997034 0.887366592081419 1
-2.96861202707034 0.0488495932432763 1
-3.8147471851975 1.83002210274948 1
-3.84456966069631 0.219076618475288 1
-1.29264156075091 0.806802719917925 1
-2.89966642400779 1.28335008810256 1
-3.82571603575175 0.62803062060793 1
-4.08074644430656 1.72474121002435 1
-2.71433654939536 -1.27921979908279 1
-5.75794661143126 1.06821240401844 1
-2.00622423310399 -0.255525737885707 1
-4.09371464001441 1.03304425526853 1
-2.8638547212087 0.497237808589753 1
-3.06957078369412 1.44378374274893 1
-4.34617070197707 1.01545348653891 1
-5.14225654899814 1.66887100679446 1
-4.60067797979547 0.569365744751915 1
-4.00168849872826 1.73881538727322 1
-3.66874010150879 0.327524690069919 1
-0.769934090602093 2.54249002596188 1
-5.76803034460542 0.926094955120776 1
-3.18863121641766 1.75796912634221 1
-3.42107138028326 -0.278248312070651 1
-5.06513090522018 2.11366274903719 1
-3.47501982305334 -1.96448597114895 1
-3.47319758309443 1.03441664774477 1
-4.74371893332101 0.430928383813002 1
-3.7281032905571 -0.498865881000621 1
-2.7098755240649 0.372260134357408 1
-4.15905118390731 1.49283703611346 1
-4.25254384468077 0.309519186196696 1
-3.26828601348743 0.999639402778749 1
-4.28273658183309 0.29501364372219 1
-4.18022094539942 1.05846934426481 1
-3.26360345158712 -0.648896225761687 1
-3.15874473536737 1.63235863140818 1
-4.52579300859324 2.0447017458459 1
-3.9848589339151 0.033982409936433 1
-4.71454030289226 -0.438225391880423 1
-4.26385503213806 0.219318613529469 1
-2.71399282269043 2.26738013600415 1
-3.0022427953756 0.447879771491441 1
-3.86383604941114 1.67656743408066 1
-4.38030419311299 1.40860735598234 1
-4.10205680169812 -0.0639451963303561 1
-3.6845521378049 0.581265499201006 1
-6.14106907941324 0.261963834821495 1
-4.57758035653729 1.60441346037932 1
-4.25182723273209 1.20734996430958 1
-4.59613674258645 0.540839228030696 1
-4.65370451287229 2.25355349827218 1
-3.84609121262969 0.0638182043200384 1
-2.75691933820325 1.30817706109314 1
-4.75447205876052 1.36420090734196 1
-4.35800435789683 1.14531538291459 1
-3.59510852545352 0.783763494571305 1
-4.51186742226344 -0.547072720270187 1
-2.27102464997531 0.346607019328767 1
-4.37454264958313 0.902695972835206 1
-3.23748118060181 1.8485693016913 1
-4.65692600506636 0.505605635516785 1
-5.05376677144768 -0.707006752652506 1
-3.44208138293567 0.87736544816601 1
-4.01345058651364 0.554535241775512 1
-4.82872008933652 0.943946822012833 1
-5.2203757481397 1.13148638515613 1
-5.43798769960981 2.96397969670326 1
-5.11558691198922 0.243989923439798 1
-3.68014607711987 1.99087070356827 1
-4.6713066500719 0.659526291872643 1
-4.21798217719883 0.390757855546694 1
-4.02717469745338 0.164946093613574 1
-5.24402427864363 1.96986056197113 1
-5.1668401719143 -0.0351865139837275 1
3.10495245930104 -0.329783333509728 2
1.33126855798674 1.72709293582359 2
5.19552915209607 0.916908556183173 2
3.47164875139071 3.95513783241923 2
3.49809914555828 -1.71576937132538 2
2.65559998413843 2.35928181452594 2
-1.95138252653402 2.66147810722511 2
0.0604797520609313 1.76034049402432 2
4.14839261712769 0.77842686398619 2
10.0167542603879 6.69447296325826 2
6.12290748485267 -1.0581885833983 2
3.52072989252981 4.98577346264788 2
9.65844467241822 0.145474569649607 2
2.64271011833609 -0.48974800686703 2
4.05993051688233 2.06840455192183 2
4.99465995651339 0.648771639772923 2
4.03401480675956 1.17989421794336 2
6.70505899967521 -0.235244650415687 2
4.27734209513266 1.19559882978352 2
9.01529462719851 -0.201479469536296 2
1.9310557343423 -1.83384521912917 2
4.33923917083129 -0.975799081309785 2
2.87787072593802 1.68018916485015 2
2.76865187596176 0.951957323623193 2
3.14171046414962 -0.121689443130828 2
2.32235779589102 1.567220621317 2
4.33578534212115 -0.639081060746907 2
1.88705694411435 -1.78122859308206 2
4.52486756065218 1.71469228860241 2
5.71651375949636 0.983382411511281 2
5.14907018931982 2.21850245298101 2
4.56042667557069 6.06586309338974 2
3.35072660243985 1.98129913847159 2
7.96771782761558 3.6634273499625 2
1.07389619913563 -2.63940105551293 2
6.21796439319163 5.12341082886208 2
5.93602276983243 -2.92466652815215 2
4.83643795315465 0.854910859121587 2
1.84352020786469 1.4289324170943 2
3.42316384221932 0.86076750457713 2
5.76460164197504 1.48393910452986 2
0.259866600945875 -1.2743408916136 2
0.538468607669222 2.01259124970068 2
3.02027024113842 -2.29760698852269 2
-0.0781980366591313 5.0429053444477 2
7.05583515466485 -0.895480531980365 2
2.5619950351364 -2.06889282016112 2
2.47491957499631 1.44943989955622 2
4.19792590931451 1.25946787986952 2
2.28820105962102 -0.604775308981148 2
3.20506474431939 -2.18603003621663 2
5.39876344575615 4.77966859355403 2
2.41183607992612 -4.66471558242299 2
2.8258734660043 2.2351157414334 2
4.67896720841261 3.04569380807159 2
2.32879060265031 -1.19063437357981 2
0.576112166295429 -2.89206025610293 2
4.10909522443762 3.43050943916859 2
-1.14945869504522 -0.713961378555403 2
6.51000793840235 3.16281684013767 2
2.98191704209142 4.31179937361812 2
6.33510221432932 2.63881618973614 2
5.94779993708944 0.838210439140708 2
4.92352823427126 4.18151774110716 2
3.57381706710668 0.272894879822073 2
7.00101421860834 -0.376741263075498 2
2.77540185921579 -1.75954487908569 2
6.07039782215694 -2.18293938947941 2
5.40622966167663 3.18272874619321 2
4.29244524660064 0.210027793310217 2
0.808292118551768 3.84179702729538 2
3.37907302427826 3.30275125985197 2
2.25415254709917 1.10735705075255 2
5.31636915986051 1.24852589789665 2
2.93348604633034 -0.706142002901445 2
4.15743136808141 2.4724898417049 2
4.5298383088508 0.377552950344686 2
5.93879176460193 -0.494898461793231 2
4.47465077767392 1.6316328525711 2
10.1548540039319 -0.437898908469057 2
6.18823057994983 3.45483603961075 2
1.61073474010953 2.93158183787338 2
2.69519763828579 0.974163800063457 2
7.05747625525764 4.04247966891534 2
0.771931380847713 -0.108482696792932 2
4.29145931932267 2.40466685946372 2
7.20751264013324 -0.301087970631848 2
5.75960656532286 1.02923134115298 2
3.67646500067679 2.96145219782726 2
2.18700023252062 1.10569786796377 2
2.56672043482276 -2.97335720524491 2
5.00624383137228 3.40107472918857 2
7.12090105495232 1.09912435396903 2
7.66035090638968 1.50457153315108 2
6.65739348979779 0.0228953242566703 2
5.36685057360794 1.64661043728737 2
4.28828201357357 3.19703234315319 2
1.87939782717493 5.2734508675396 2
0.449824422662588 0.151902071615493 2
2.39034476272638 1.58241515753896 2
5.12165008454751 3.13869342939494 2
3.09823919069479 4.12237571476397 2
2.53633958641152 3.76268995389773 2
4.74692508743019 0.766442170755654 2
5.10377500788382 -1.10844287888159 2
-0.164830243894892 2.18262960378902 2
1.43778397538661 1.87343241722043 2
6.69305405151603 2.11095885101301 2
3.39700155237339 -1.03948228764661 2
7.38299252067242 0.936782391340178 2
0.364422148806923 0.101828949576562 2
4.03777007047355 2.27551366718563 2
4.68941407271095 3.55723632512211 2
6.42715193929312 -0.133218278308274 2
5.14196576136632 1.75699500349875 2
1.22980973709375 1.97093847296145 2
3.00920133020741 -1.63555025464497 2
5.0798762353453 -0.201764638253918 2
-0.409761353592565 1.31132188409094 2
4.40655843066919 1.71301560357487 2
4.74738327240463 0.299754607992839 2
4.29129796300335 5.5237891858147 2
8.32538113955651 2.52747800841505 2
7.59775244602619 -0.347934063473446 2
1.19036687950459 -2.31414558934699 2
0.289118163741189 0.245569311911448 2
-0.4404293893811 1.26740997269741 2
2.35415531073782 -3.660821719929 2
1.19956631696032 1.33429826862367 2
5.30858066253029 0.208809995367408 2
6.5312616815139 3.80577001038268 2
4.77740272430828 0.57768250707708 2
6.7025882571346 -5.60369146955512 2
5.08332296329634 -1.34820881285667 2
6.65466012249877 -2.27832483471126 2
2.85869225622032 0.485896563214126 2
2.40709747935792 -1.05391676827246 2
7.66523252608729 -1.98724559541078 2
6.51736052864168 -0.789461704871186 2
2.85111823389774 2.52512845529208 2
4.46392049491975 -3.10575002503427 2
3.91868012186466 -0.665448402419761 2
5.56714445295112 -0.74329105452269 2
4.43526285229009 -0.600915822516921 2
3.98336744650064 1.04165452293644 2
6.66424215756121 3.03503004664638 2
2.2707400515567 2.49128248616106 2
1.53818171566942 2.24700142885643 2
5.48952970611107 1.40189167994233 2
2.65675236170788 1.40424349950296 2
6.11942448045495 4.00628436044765 2
5.80082874069817 -1.19167581367404 2
0.315059274637363 -4.01705528741985 2
2.17156539544663 -1.80141898372229 2
-0.785199791804978 -0.697982773003133 2
5.85178868981566 -2.33888284539457 2
6.05369878290073 3.10373642084052 2
4.99319127181819 -0.00734598635330741 2
4.78522124699898 5.09830679888047 2
2.45840952027484 5.8291416324461 2
3.66880266750993 6.11577386244291 2
2.76113061327497 -0.290407070515936 2
3.50086964813487 1.67791538164084 2
6.67303685393723 1.8895856954518 2
4.67311858372508 -0.179653167967213 2
3.17923589187965 1.477507204962 2
1.21257425391082 5.64891381949179 2
2.38932856806955 -1.13121738056459 2
3.61652161170277 1.57021173589318 2
1.47829408252758 7.04149632760159 2
9.03801973016633 0.0646726425456936 2
4.9078977026542 2.32449992830936 2
3.61315479253426 -1.01389050492548 2
6.14878732079428 -0.353747099398178 2
4.54498418191673 0.732107241246457 2
8.38902771724621 1.20457778660246 2
6.09836384805208 0.84447524455105 2
6.95468125267753 -0.0711144441450027 2
4.73057180981398 1.53107061206852 2
-0.663862604547475 3.92715463355979 2
1.2105548281634 3.15477124981826 2
3.78834430542246 0.00299436682229559 2
7.21359198971112 0.0262320336989089 2
6.37673145702443 4.05485366295535 2
2.63340390290668 0.479834747495748 2
3.34632478461318 2.06912980831242 2
3.93548977385539 0.0503362457136041 2
4.91101581276267 -1.85055322797305 2
4.47181133158229 4.22856686312503 2
4.04796003969996 2.76123380955582 2
3.57276155368858 4.89129325397375 2
3.03652503558314 -1.61876090964818 2
6.15879788961647 1.95800054051511 2
4.62059079834872 1.12710302143937 2
2.99943041274618 0.177095676690818 2
4.56943017763772 1.94060943676735 2
4.40833737418371 0.592374767923414 2
4.06498962861735 4.4568597399682 2
2.89074207845687 3.02186386301746 2
4.82783361212706 0.909224263311011 2
5.39720324688042 3.49389320202375 2
3.93244190847492 5.32489505604445 2
9.58340834044753 0.78954208447583 2
-0.221598893575022 -0.957172579847274 2
7.5565654123617 -3.86882883384104 2
7.92092003970494 -2.53666193357224 2
4.20276598402628 4.5654227469953 2
5.02520469277544 -0.76381010677051 2
3.29958333569733 1.37292451017256 2
4.39837093934148 1.92784849504909 2
3.46442514070912 4.3843622451261 2
1.60789777200343 0.604620800809233 2
-1.25982025707196 -1.69336097852802 2
4.81895182393449 -0.169499884532013 2
2.48614614216401 0.350019946855319 2
6.56973572032005 2.44907368258907 2
3.60548834888742 0.224914192437343 2
5.86177199506154 1.72966000938631 2
3.80908893104029 -0.767414791909468 2
3.12803033504376 -1.40917710025176 2
3.38272410189748 3.70679675453102 2
4.98440765607687 2.32168290294536 2
3.51106126940827 3.40753601943411 2
-1.751658471249 3.07159722825521 2
5.37179313520409 0.86975676923796 2
2.6206103085444 1.96240430783364 2
7.14262864234398 2.41189034381945 2
6.29266681672212 -2.21336252455904 2
1.90544549648436 1.62056550423533 2
3.46572707202947 1.12153973870502 2
-0.820447287320095 -0.230322606333952 2
8.83776095090717 0.516134837446472 2
6.28493122453823 3.11664429545417 2
4.2634191487308 2.01395805650241 2
3.37923732358815 -1.66359634544797 2
5.62890358847938 1.61704853577177 2
6.08005936317063 2.8232814577228 2
7.16105708649692 3.42267761873154 2
1.78377575535735 7.62862215845284 2
4.83129608956057 -0.022949331650884 2
5.79612348229749 3.9144419715767 2
2.00806348369489 4.62687219270559 2
1.27508371726736 2.38203080433058 2
1.42041015368036 1.37094622442502 2
1.91408567835881 -1.25141278755305 2
3.65529485339547 3.72104570863445 2
1.39869852278264 -0.989342216575374 2
1.73378060559825 1.87144251162368 2
1.7707094638766 -2.32977588735961 2
0.199069940871294 2.63651953105994 2
4.15158015139892 -1.75273872475683 2
-0.176528645348075 1.0466786676048 2
3.13068285787721 3.86816380586562 2
0.0980206861706199 3.08826186857824 2
7.51002419698587 1.51390047388328 2
3.72115027005861 0.630786043953501 2
3.6205912445229 -0.167642850391318 2
6.95491406080067 3.13567879281104 2
5.32484582904574 1.57830496945643 2
5.18797237450644 3.62909917322962 2
3.09177211089402 0.0953835563886223 2
2.24583627628861 4.01900477152722 2
4.23409253574996 1.29025961523444 2
4.82167276205215 -0.93016307388743 2
6.23459120381957 -0.0231485059373162 2
4.49599661330998 4.35617878601125 2
5.19161069554252 3.12850184154502 2
2.05311973560159 -3.07582171774711 2
7.75935004898241 -1.15969299196024 2
1.93408242236432 0.247738336659507 2
2.97693045324977 -5.53775122028734 2
5.94852138952785 0.0170555288490077 2
0.857641680618845 0.562875692644442 2
5.71400944411419 0.436079538000758 2
3.03813980519812 0.810072543019459 2
4.19200644774833 -0.829539635451069 2
2.81229381163681 -1.7785652474984 2
5.09136786755353 1.36782310968754 2
1.52583040370317 -0.154021927156597 2
2.64595081274169 -0.239157830652756 2
5.52756396711914 1.26273203278385 2
8.23413591808247 -2.63738907898115 2
1.91752235036528 0.664427128859151 2
3.3768720690692 0.432965576914787 2
6.72414679230612 -1.5620544588326 2
4.45312046776773 4.57289024961059 2
5.72011921141838 3.0060932920868 2
2.91882434784001 -0.91478819441895 2
3.82883579022861 -0.161168236309758 2
4.20365873220376 2.5820238008477 2
5.37671744847547 -0.810227832324847 2
5.63425774085596 1.94732880010953 2
1.85823688403052 4.27352673516518 2
6.54568537982933 -2.71302649581661 2
1.53644049082338 0.753432778859194 2
3.76116551845578 3.86308273537174 2
1.68139555470984 0.432202890540718 2
1.40585711670896 -1.86139436773841 2
3.22342454243015 0.663401522089837 2
3.78340287558545 1.22863410491815 2
6.5074112694757 1.08025507631056 2
-1.38542398197749 3.81872679238416 2
5.61385038074691 0.18578754728735 2
3.88729829093523 -0.413161994998127 2
6.27007737746939 2.79821397739776 2
5.50926692746218 0.866652625542878 2
5.29149074920196 0.125186000048763 2
10.087781176181 0.884615058450423 2
7.08566076239252 -0.11018621727055 2
4.61932473530516 3.14719636579061 2
5.50657470919073 4.53028005598076 2
5.20903911685106 3.09131241777668 2
3.96934333412497 3.15222842296757 2
2.31539843051813 0.32168847445856 2
5.59601220816987 4.56165097320888 2
5.78737537138774 -3.07900109987883 2
8.186225177788 4.12450372438877 2
6.70833228449358 2.2646524272672 2
2.93682866249578 0.426169918065873 2
0.660158575182851 3.18821875443055 2
2.83522808228978 1.88395228277967 2
4.24082764988958 1.16536800045771 2
6.49621948121928 0.121659873338314 2
6.62878676849696 -3.43070311395534 2
9.1449822333781 1.59445279246513 2
1.8168778743552 0.841304499127379 2
2.9525258298485 1.1965154302025 2
3.56414550478938 3.33903004361269 2
3.54087031532514 4.5494033007946 2
4.69012545558374 0.544675915671644 2
5.72525118117374 3.10383486418412 2
5.84402732490923 2.04992444679273 2
4.44419359829048 3.74877815954635 2
4.28627125427053 -0.83510967864825 2
6.36529360663805 3.42135150313183 2
7.69161404343031 -0.211421412672762 2
4.21939479639658 -0.16959105582546 2
1.35727946187286 2.45748194957999 2
6.2176610925859 3.80035078466681 2
6.0550103482949 -1.03571157198109 2
5.01564782753402 1.33682334258497 2
3.11274288960094 0.100577244715381 2
1.99320984913551 2.24708495378711 2
3.7868249883343 -0.556718425734017 2
5.94521313276272 1.0624024413232 2
5.88160340119539 2.48287062122948 2
0.87870525695151 2.58854274883262 2
3.5890392031299 4.23154604853333 2
5.32206760509427 3.40531162007279 2
1.69514979807484 -1.2050550286253 2
4.55097986832819 -1.86885956848337 2
-0.670278468904328 2.19031497767838 2
3.85139060636267 -2.74200423146063 2
5.29847646577415 0.626561344669837 2
3.11455376250896 0.288400383871739 2
2.21587725024602 -1.85429541177035 2
5.17226392543557 0.861133573757106 2
3.63115500802368 -5.53980435431081 2
4.69351475731835 1.20112803647547 2
3.02173841214913 -1.17814256425216 2
6.16975066454058 -0.955120032916444 2
2.13573227522591 -2.10597282047323 2
3.92431298083767 1.46607159769288 2
2.19930550965365 -0.849929919364472 2
1.99989489458634 0.446453365628308 2
-0.862259407686975 3.52584192717761 2
7.14118382323267 0.170900456565031 2
1.84277404443387 1.91041670343138 2
5.72831522444159 2.27903314944145 2
3.03035127841881 -1.29086084414593 2
3.0814620965183 2.36093459919099 2
2.4429364853633 -1.44507449317803 2
4.68082142729171 -0.323147020457159 2
6.13460533594027 0.229930514114249 2
5.33161555034876 1.33336035796815 2
4.67952356022141 0.698797793090229 2
4.45650989696279 0.234004065814716 2
6.52203955166558 -1.15018678163197 2
-1.28569325910441 0.709359560710919 2
6.31850617563994 -0.211290738863838 2
3.01217677159335 -0.126234642651761 2
6.56693647635157 5.61256062592033 2
1.96239120725651 -3.9243935005196 2
-1.70916889075032 5.04519750506967 2
6.93025162454661 1.87116111204864 2
4.83107358561955 2.0397175981238 2
5.13086131431142 0.277463100739024 2
4.39160400018289 3.0733134511696 2
2.58537959860513 -1.28450571534557 2
2.74119149244919 6.27508752624239 2
3.74084481152081 -1.3299690233221 2
3.40112170152359 -1.77949449721964 2
2.96600207251966 2.78456148523677 2
4.92989813996658 0.814437081845437 2
2.51454508296861 0.301857086592311 2
5.48219978224607 0.0415709649369148 2
2.4993863125716 2.20157511354674 2
4.91566855854436 0.093507150580161 2
3.49235966805698 -0.740308191083902 2
5.26203958418215 1.13535195459238 2
1.94557136570618 2.56425501109107 2
3.18866138390092 4.20926469198541 2
2.64988305986726 -2.83004226732281 2
7.27805299214783 -2.05355595117475 2
4.79324554789625 1.61473014731318 2
9.46785656661989 1.70474608844192 2
5.62469317054863 -1.92340160988771 2
6.05529362138653 -4.99120354391253 2
3.90733959851836 -0.694136701938179 2
3.33245441277171 2.87882906118585 2
5.13821072300238 0.963986568320685 2
4.29318392526175 3.82110825015979 2
1.98606510172893 -2.18172241317501 2
-0.792976372869371 1.16900714300063 2
3.13804735784769 5.12735878881557 2
7.16007536647243 3.03590035602329 2
1.67759426131098 0.671706119886483 2
-0.45687790268578 0.499796876088505 2
4.5000598657395 1.8472761779927 2
8.16806049101013 2.52841337266165 2
4.99126144972897 0.358899924122484 2
0.420109996865877 -2.18433101607253 2
4.08235210260416 4.83432473430336 2
2.41782275761539 0.205791834911398 2
1.86870218887596 -1.42572965149551 2
3.82450535382987 2.41498949010649 2
5.61953705375924 -1.64476675526134 2
4.65463723957641 3.71869812412654 2
4.02501295863719 1.53604784367197 2
2.08625620975833 1.9655312178712 2
3.35445542234883 3.77665919953371 2
1.10239615448271 0.523356548987276 2
6.25914155250048 -2.86689759463939 2
3.84635333111209 1.37944214621079 2
5.36278810151852 1.71856126319241 2
3.47393761708518 -1.85342068836131 2
5.53607394458047 2.188988299931 2
4.98600892566585 0.643487456343623 2
1.55860646718587 0.551829405163067 2
3.20417186892657 -1.46797676874141 2
4.06133871887845 1.90566091067189 2
3.33052334920967 1.35315262705146 2
3.10992381936061 3.19335305617288 2
5.22930870974479 5.4344224922176 2
2.78038075809887 -2.36179953402795 2
3.14738703176132 -1.94651310820627 2
9.8952918381 1.01847402852073 2
1.79067902334955 -0.23500123450297 2
5.37218495854718 -1.06136044096244 2
7.56897053220469 0.983461535519364 2
3.36071973321969 0.364919796347771 2
3.32972352906832 4.23337422105994 2
2.50600510445951 0.421893394158085 2
3.02639192347843 0.0319288795811833 2
0.875937812487015 0.514014205921243 2
3.437752661326 1.68693558242629 2
4.23727313961085 4.28892487893828 2
6.04802477108416 1.90075427878932 2
5.23008390499347 -1.42092060080151 2
3.39974008221029 3.66570915708954 2
6.97029993720921 2.14803523474137 2
3.43992357337889 1.51297121317446 2
2.09147369883231 1.52753048874933 2
7.80575986442729 2.18386021387209 2
-0.350168518949458 0.54058058219113 2
6.70656665215688 3.78840466361267 2
3.31269376428096 -5.83699915982293 2
2.93529246830255 3.34192067460028 2
6.06401139702109 1.37354161238337 2
0.89267163893453 1.8794520927567 2
4.59392028557648 2.44994345049592 2
6.80346969314887 3.5494049136803 2
4.99535654802708 -0.328934528164336 2
5.67076132321869 1.17802952987846 2
4.95693052828015 1.91870532325105 2
4.98615557786992 0.208206549689035 2
3.55207933081005 0.894036569367419 2
4.09423080560592 0.706155958119701 2
3.18661949152603 -1.71405683638154 2
-0.608498402080209 0.588332796618307 2
2.58226392325016 3.01831065493331 2
4.92488762145527 2.27553037684122 2
5.79683106161399 -0.913296299490737 2
4.4877848509791 3.31344829310406 2
3.94375658278133 4.15059178042685 2
6.94822561364285 2.18225814964439 2
0.613274430205664 -3.57652106047238 2
2.84985698440316 5.84562858616518 2
4.53065811888305 0.000141380566817451 2
9.43209234804565 3.79501534386406 2
1.96325379227999 1.70993136377541 2
5.43166968888901 3.60066314509433 2
3.4721041029233 -0.469118628198408 2
6.42545170789976 -0.506279291794343 2
2.55912145683361 -3.13016220547304 2
3.37278938559918 -1.53323224142572 2
6.6214344521254 2.3702265475829 2
4.8513696525982 -1.01936959170945 2
0.37312695229279 2.06442020215972 2
2.78493731179514 1.99165966025906 2
-1.63556488353456 5.20031705225355 2
3.78339652370121 1.29227605925135 2
1.47750978802905 0.941625604825454 2
2.81334897358729 -1.95016448048317 2
3.5225359974222 4.66442483804311 2
4.46941512779399 3.67861742915944 2
3.79436579968428 -0.347126217447858 2
2.49662471689838 -0.981563286234244 2
4.21946568026618 2.17536412678999 2
8.70760836199906 5.4506438331798 2
3.37721770765564 2.47229437487733 2
0.735446145687345 -0.366420284128045 2
