-4.16006617556508 -0.71879565596394 1
-3.18610195797949 -0.783601283474486 1
-2.57734703938549 -2.33704878654823 1
-1.01813704806504 -5.01227160342644 1
-5.3496423899204 -1.31347464522556 1
-0.651895866087724 0.407446471601923 1
0.84540884861454 -5.40840770562802 1
-2.61439688193075 1.85612242772603 1
-2.56533754410934 -0.595742525423188 1
-2.00150364859947 -0.654857397827562 1
-4.43747542299133 -0.349384321405672 1
-1.27077399506522 -2.68152254356787 1
-1.74674054787754 -1.34970576514398 1
-1.47807061445659 -0.734211707631252 1
-0.551423733164076 -3.59333806076305 1
-4.75071985357204 0.530389099284455 1
-1.80557671664771 -2.24520759133681 1
-2.23913010152837 -0.228489814814561 1
-0.860190251790108 -1.17297876565629 1
-4.72131550662891 -1.86889016325319 1
1.09349051672713 -4.72714975687826 1
-2.84303035381776 -1.9879901972343 1
-1.55900774717046 -2.72015668812072 1
-3.33522055853214 -1.31765201058908 1
-4.63192818809565 -0.485401633776461 1
-2.56718019683228 -3.28151252376575 1
-2.23680507782498 -1.60061229473535 1
-0.774177302093446 -2.81912027135422 1
-2.6803310940576 -2.42198616075757 1
0.347329095009887 -1.26809652602667 1
-1.43191563460711 -2.03422104593459 1
-2.96556010349385 -1.4893519612366 1
1.25970977894755 -4.14927714912188 1
-2.63175706727425 -1.71903830580595 1
-2.60947347182241 -0.0993611431502912 1
-4.29892978913771 -0.320044374940222 1
-2.52740600877484 -2.04158148533979 1
0.656807211984224 -4.64138624076256 1
-0.257499333571529 -2.69834744867882 1
-1.92285094253297 -2.49812155962939 1
-0.213464812550564 -4.69706776861583 1
-0.780407754552607 -2.5013385825151 1
-1.3457251303357 -2.42361065651247 1
-1.14083838997081 0.68943050825357 1
-2.98674458193948 -1.39348780122359 1
-3.71108988203863 -0.686410303889033 1
-1.16843996204767 -2.09609393882227 1
-1.7537217160168 -2.15481263886942 1
-6.31604787767936 1.73856320911135 1
-2.70157130885243 -0.609362544188695 1
-0.67971524516413 -2.37584964281126 1
0.996684193780427 -4.08919839930353 1
-2.86086348742403 0.26444862176864 1
-0.192882483459426 -2.44987755214524 1
-0.366792530155074 -2.86479058262701 1
-2.47141873401145 -1.48542221691829 1
-5.80654167697573 -1.24341687082784 1
-1.21788483381883 -1.45790800131068 1
-5.90403288381642 0.667310730785726 1
-0.14031313723968 -3.03242552590598 1
-4.40230744918058 0.395131241725591 1
0.441966363035652 -3.15942809927388 1
-0.522036921281063 -2.91653162080057 1
2.48015453113307 -3.99555386887603 1
1.07110502877432 -4.95610224041317 1
-2.4992566799597 -0.577368669568364 1
-5.21759669156554 -1.31277943682339 1
-0.54635146157453 -3.4677765458634 1
-2.38587915369624 -3.18795308281841 1
-3.47427618953222 -1.88686331927289 1
-1.66612020478844 -2.06053136100275 1
-2.87752406867122 -2.74410350002794 1
-1.86238797052912 -3.74559543159323 1
-5.06527510331777 0.596498026167113 1
-1.66401078255148 -3.89714806248534 1
-3.1233495073657 -3.28522754730499 1
-1.53759197424453 -2.7954970056287 1
0.566952795490367 -2.76826470786092 1
-1.81128871428625 -2.59541668336173 1
1.44253674772274 -2.64057634361877 1
-1.35805656834611 -1.43527352934124 1
-0.295599589587769 -2.62074514607166 1
-0.39344496904174 -0.189533594045936 1
-0.438715459144381 -2.8188727384335 1
-2.97039226295148 -1.47217881622635 1
0.266814701673948 -1.84448937915753 1
-2.25061818816038 -1.06278239095727 1
-3.51157041208581 -3.60426496062203 1
-5.58028125727331 0.94758175757172 1
-3.01227066952552 -3.48879382529737 1
-2.09923552959921 -2.50207882304156 1
-0.827185531652601 -1.9206789551732 1
0.908187499157111 -3.86900591144767 1
-0.0459744620354485 -2.99280439399588 1
-2.34139323987909 -2.23991350030565 1
0.174877618870615 -3.79784107464017 1
-6.02337453865283 0.2583643146515 1
-3.2229078555606 -0.908375669261211 1
-2.01778232462422 -1.7162269911775 1
-3.22676155368393 -1.45994755303302 1
-2.7827465878946 -0.296413209384383 1
-1.90170780547429 -1.01094907252133 1
-2.08158197470156 -1.49811176722465 1
-3.74723454543321 -1.02022576066988 1
-1.51432409529308 -3.98127603517494 1
-0.972752899663617 -1.84997859754936 1
-1.5188872738992 -1.22558979242949 1
-3.0365858486682 -3.20833570279774 1
-5.23414398929033 1.08678224446247 1
-2.33242261343374 -2.0833496690212 1
-1.67917067310498 -2.57809263978597 1
-2.58198938672445 -1.82601540207643 1
-1.9583279889928 -2.35031881788184 1
-0.405072613170185 -3.48391419240572 1
-2.19789604934436 -2.95934764576252 1
-5.48327144879717 0.560995575010654 1
0.0529914947431509 -3.77053268293148 1
-0.490431627888415 -2.12345378328658 1
0.792126705965812 -2.47012484389397 1
1.17796362017513 -4.00348224637511 1
-2.25756184664151 -3.84997568076946 1
-4.04723791893572 0.603007458415945 1
-0.443092861391735 -1.15590961837608 1
-4.34454150902027 -0.945209788709525 1
-0.110521647108771 -2.98504445943419 1
-2.7689121133266 -1.23896582972953 1
-1.08262902780717 -2.42236668773077 1
0.0351042701702076 -2.0041398493569 1
-1.13888366261368 -1.37791585759617 1
-1.37664626249576 -3.57676837929042 1
-2.62385286181071 -3.11621596847779 1
-2.69527519513908 -2.91731887537739 1
-0.141697234917781 -3.86677378747422 1
-1.64818379600442 -1.24682151606991 1
-0.87644246476336 -2.77186273229092 1
-0.931771241527561 -2.59527171278564 1
-3.67275170146579 -1.09113162206558 1
-3.97601258023182 -1.50572946996041 1
0.143307609763178 -3.853245692446 1
-3.76691969711522 -2.81471753652748 1
-2.3452914493403 -1.38882621406423 1
0.74984027939021 -2.56904158030672 1
1.46844138754855 -3.64773852260226 1
-1.35915789457653 -2.7378579171294 1
0.0027315272315982 -1.66154957136118 1
1.01147913916763 -3.29330737833417 1
-1.14471187102731 -3.05787644479505 1
-5.09820507456334 0.329548993263225 1
-2.93046011111572 -0.56879922302058 1
-0.431968166067513 -1.05754401331644 1
-3.80503974904686 -0.871256519532001 1
0.798881254796954 -2.81504658188582 1
-3.44447365326824 -1.9284413618608 1
-1.36494812402917 -2.49969900125182 1
-4.699359324339 -1.21796849248195 1
-0.115586768919184 -5.14597725902289 1
-0.266018125659544 -1.67611860805173 1
-0.814191777354544 -0.205130882359011 1
-2.72382067087767 -0.851047873562111 1
-3.86805328064677 0.00718409845993673 1
-2.96075223261437 -2.01781592168033 1
1.26184102732758 -3.82789688815295 1
-1.38530738396063 -4.4398941162052 1
-0.565397843307188 -3.45127647313485 1
-3.35988752994832 0.143408859453176 1
-0.0653934482251566 -2.72885796631247 1
-2.69342467173924 -2.25799426653681 1
-3.49869943293056 0.291631716124002 1
-2.47760048066798 -3.8056694899178 1
-2.10964321255789 0.535020330126057 1
-0.936910427081171 -3.13711976120715 1
-4.2760170256599 -1.39138168245467 1
-3.74643380346378 -0.987783809853203 1
-3.66230308898472 -1.53538726576311 1
-2.68476622094179 -2.42846185543866 1
-1.89925813873052 -4.12476010337659 1
-2.69015222808854 -2.39827107804257 1
-2.20933760996514 -2.62042750383941 1
-3.34362615469 -2.62303138164234 1
-3.23160456159719 -0.57415441260371 1
-4.66678747414085 0.0976094409169797 1
-1.03892293495143 -1.1143128397459 1
-0.69083312009254 -2.3990402651759 1
0.80484778012385 -3.68592360462939 1
-0.96200825679377 -1.97095248240544 1
-2.17914902084892 -1.3388360079705 1
-0.224426697919262 -1.7033325661421 1
-0.794003427686881 -2.03466163681686 1
-9.1323065345752 0.49175118711416 1
-4.73507881783172 -1.47478862339276 1
-3.32979182576543 0.339178614767677 1
-1.65782862677854 -3.13453612382264 1
-4.63887903823341 -2.22962708847097 1
-3.50003527030248 -2.52530837258277 1
-3.24351728973243 -1.82115135200395 1
-2.0656647069591 -1.99762920789509 1
-1.02465465043834 -3.17911690645501 1
-1.33476722185829 -2.23239314049961 1
1.46911395794566 -3.71441878025781 1
-4.10675058463496 -2.47321216031852 1
-2.36894722564627 -2.33058398858672 1
-2.9382627374513 -2.26816098889842 1
-0.446062493573603 -2.15800160028444 1
-0.22548869576528 -1.00598660426015 1
-1.86078045903902 -1.88654685872061 1
-3.04631549201781 -0.225388170476092 1
-3.2928253219935 0.206191742568546 1
-2.8026086453526 -1.86898822730075 1
-2.50537194384185 -2.31988361516907 1
-4.22786553704799 -0.548509780963111 1
-1.49830843413001 -2.39285707325732 1
-2.64103028915582 -0.598283834071494 1
0.751575452481454 -4.51085212005062 1
-4.34372475288306 -0.959654878245493 1
-1.97648680071088 -2.18424773570293 1
-4.69208600328751 -1.41341773644491 1
-1.61325455212044 -2.78591135878485 1
-0.018335235883908 -4.2401777050643 1
-2.56734752783475 -1.99271738872056 1
-4.05445358566967 -0.293975758426435 1
-4.07243879948869 -2.17726629633804 1
-1.57408460888029 -3.12444613133817 1
-3.28031444129235 -0.815534617888394 1
-0.942061619910678 -3.01000644163571 1
0.65674015147945 -1.65342105882441 1
-0.290018879534845 -4.45453630898266 1
-2.38310255048235 -2.10061022076776 1
-4.0492404657864 -0.600474316754233 1
-4.04002004935049 -2.04263149798121 1
-2.71960657820706 -1.4145573473156 1
1.45770227804571 -2.81543427555974 1
-0.637576396833157 -3.67229589801146 1
0.0782789296180493 -2.79052128637613 1
-0.378853949836374 -2.04355847275258 1
-4.80288378657441 -0.902826269644666 1
-1.29142067338469 -1.4975078613185 1
-2.81358883835959 -0.297187398339241 1
-1.1984595821057 -2.62581544499736 1
-0.448173687942294 -0.588697362890307 1
-2.85175560558106 -2.79628788401103 1
-2.0983891348685 -2.39784061622988 1
2.2135123527461 -3.53873763002797 1
-0.0431347551414567 -2.66030572701528 1
0.773979020695158 -3.3564336415186 1
-1.67562225793007 -1.53591631402299 1
-2.26686170326743 -1.86701484516331 1
-2.23383241032078 -1.42885539547874 1
-4.91671126019763 -1.64251427195699 1
-2.54465606741225 -1.56628718108945 1
-2.83293983988789 -1.45951844703417 1
-3.94990391832747 -0.140770854208791 1
-1.33458235845182 -3.17389170278989 1
-3.80914168589829 -0.994823727275211 1
-2.84643734130844 -2.10682588395606 1
-1.83178748882667 -1.68656720345712 1
-2.26849973136329 -1.0633343104259 1
-1.45290608629448 -1.11557561010049 1
-0.71192367110177 0.334789553409818 1
-3.64926056468822 0.14936427638485 1
-2.92196663873988 -1.91600943085869 1
-2.54636403776656 -0.541152332544975 1
-0.620235178124447 -2.46904136065969 1
0.89540833367571 -0.939603191231218 1
-2.60462161335477 -0.700759670391398 1
-3.254774041416 -0.226878767649809 1
-4.56008738665232 -1.91575503792242 1
-2.78122270436269 -0.19454678127851 1
-0.929586556173282 -1.64048877992866 1
-5.41035375361667 -0.646735306329116 1
-2.14048926889842 -0.910682590722799 1
-5.27350003570828 -0.65830672553178 1
-3.13074404386798 -0.500416555629713 1
-5.78402815564174 -0.708678587483712 1
-2.30278203309419 -1.83577695293888 1
-1.65042546634868 0.463186349125063 1
-1.34181310459163 -2.17995393485602 1
-0.116434486253121 -1.2205546776472 1
-2.68835860083687 -1.58536024590351 1
-4.32558104507788 -1.95848562742308 1
-3.58078790767585 0.454243546912088 1
0.727408986831233 -3.04796790113886 1
-2.75783398821846 -3.111511079238 1
-3.00790163040324 0.261017898776901 1
-3.58607728066114 0.954821741357965 1
-0.407667830229975 -2.68662010276783 1
-1.80360238842733 -1.55999082275958 1
-2.88014577231821 -2.78142715624021 1
1.5043260102758 -3.85134224383163 1
-3.93005256194211 0.863114039189969 1
-1.71678953201666 -1.53546775874148 1
-2.88959082452214 -2.23725036527585 1
1.56371843760377 -2.42145627812093 1
-1.26436623629133 -1.55948588300973 1
0.468771056534721 -4.90585293770446 1
-1.97203592761093 0.185884730051731 1
-1.9983108068219 -0.955558152912709 1
-3.07469550139737 -1.58733166558953 1
0.510706078759793 -2.44528689724219 1
-3.81227957838383 -1.74160496644319 1
-3.29892226326427 -2.27998610586021 1
-0.173359611408931 -4.33904129392922 1
-0.11820900285981 -2.34460223504363 1
-1.51617996116813 -1.9087828852396 1
-1.38183030675575 -2.61670529714198 1
1.00711968906016 -3.97241792147944 1
-3.32389053956691 -2.4362683425154 1
-1.28209950325301 -2.15580205651913 1
-3.21991865164798 -4.07353301195205 1
-3.06613333888206 -0.990645832543477 1
-2.92600802926163 -2.19836035889169 1
-3.89041468966533 -0.807488129381347 1
-3.75003010860566 -1.29601174204451 1
-3.17736190666292 -1.31457370821409 1
-3.21350885405984 -2.30885412371067 1
-4.0289328147621 -0.0486303536383106 1
0.615862956140084 -2.92583408201857 1
-5.15543488635717 -1.24003184385245 1
-4.10587945233905 0.106979125147125 1
-1.71570906138002 -3.48096386774796 1
-1.27582837901178 -3.15609356867673 1
0.0151515496600059 -2.43562615750836 1
-1.57804393926372 -2.162549093157 1
-2.13385805717671 -4.57295901339412 1
1.02904331474525 -3.17474267286307 1
-2.9134934395644 0.318380483871706 1
-2.07909630864348 -1.52258440052054 1
-1.91226515516393 -3.03060335300134 1
-1.41247497071595 -1.79958900961298 1
-1.99533819810614 -3.24672845550296 1
-2.34046858641072 -3.76443148790676 1
-3.40501244944037 -1.12525668879015 1
-0.183528023810234 -0.948357889541067 1
0.541094026992258 -4.38674948680661 1
-0.924783240564789 -2.6296974777129 1
-1.50554949328905 -2.05211654103802 1
-2.19567173320027 -0.508252150835467 1
-1.53895196568664 -0.467941588300374 1
-5.02171163410534 0.889251608662323 1
-3.52597028021975 0.546239184578476 1
-1.25993672795091 -2.03323233744933 1
-2.15366236650053 -1.46894936516056 1
-0.389626056292709 -3.99255690339002 1
1.02426307334078 -3.11898040933785 1
-2.52397454855727 -0.391157580589272 1
-0.285325899621002 -4.6508562988595 1
-0.899119541022535 -2.42058253024357 1
-2.26486363043961 -0.293414419369313 1
-3.9749356532339 -1.39248287310039 1
-1.61595107462318 -2.06902610140405 1
-2.65423335908367 -1.89417016052607 1
-2.35823540846553 -2.24404354929909 1
-1.61257665178293 -1.92369653698408 1
-2.91469494000015 -1.40487328615116 1
-1.00185538800752 -2.12136534034638 1
-1.40047413631973 -2.67215912763843 1
-1.58075482477624 -2.24051029837853 1
-0.199594744727738 -1.53524526265323 1
-0.667552240325218 -2.54210838497064 1
-3.05289496398439 -3.60216948350594 1
1.56906758954012 -3.28648691884035 1
-0.972727642301696 -1.80149175251854 1
-0.147970766330964 -2.85373251209065 1
-1.48119307553593 -1.93108322492526 1
-0.9659220692803 -3.26539375654997 1
-3.33080528489025 -1.13917292565074 1
-0.442694167411355 -1.79922426536219 1
-1.30238113479869 -1.23692244878952 1
-4.9222383505891 -1.27699051715335 1
-3.24360630380682 -2.32450876666292 1
-5.56410130072846 -0.721280399615253 1
-2.76267551851539 -2.79576091089351 1
-2.94572579812505 -3.06733766803635 1
-3.0852372809469 -2.88191074696704 1
-0.970450143092622 -1.97237001377451 1
-3.71452862575617 0.596015379743559 1
-0.899104764412576 -2.58394969827525 1
-3.06793514142556 -0.871833964362621 1
-0.445999624971885 -3.88866340964072 1
-2.85869737922004 -1.42941252737758 1
-0.291805931867655 -3.17486019586338 1
0.581881127479189 -3.19057467375488 1
-2.55816308990406 -1.39280204029117 1
0.305550966924285 -3.27003296655352 1
-2.40956088779786 -1.47987414593924 1
0.235993787908857 -2.9370734877289 1
-3.97229691087385 -0.0727071911785335 1
-5.821765840777 1.40699057940868 1
-0.693479730492282 -2.55811576291549 1
-0.91779374281974 -2.31590415106908 1
-1.30429650693473 -1.8173572198303 1
-5.74377860897274 -1.26055349986599 1
-2.25406997139391 -1.8812909782894 1
-3.93689864528531 -0.834578415475806 1
-2.22763421903889 -1.38912070919539 1
0.367864343840872 -3.77795495962915 1
-4.7699443860452 -0.372998710123641 1
-1.12220755301488 -1.77466443715464 1
-2.70293752331873 -1.64496652539186 1
-1.25947115367159 -1.28078723811047 1
-0.910377247144125 -1.64462978944932 1
-3.33747128377055 -0.612093226918743 1
-3.60146148431721 -1.21417581200667 1
-3.24421833184557 -1.19604093053247 1
-0.735779816912095 -3.63169297274753 1
-3.44629672125113 0.0693351007363074 1
-1.28344580520808 -0.392922273667695 1
-3.78365408776316 -2.59013244192423 1
-1.64680523690278 -2.04077260443432 1
-4.3275972125347 0.33974025829616 1
-0.703792506950119 -3.86488250000323 1
-2.09796675777845 -0.807830079829568 1
2.00029121724651 -5.88528398118255 1
-3.53406745077581 -1.54827192827563 1
0.917714663146443 -3.40930659935281 1
0.132631316913595 -3.99984613583348 1
1.60269387087223 -2.09253540256216 1
-2.50188721605398 -1.87766268611703 1
-3.34304370008218 -1.82032043427983 1
-3.73536159489351 -3.39029245028422 1
-1.8533472297021 -2.27556815781972 1
-3.3752792569479 0.20047578373918 1
-3.81198774720644 -0.312801513386679 1
-4.73044559332162 -1.54663383475305 1
-1.25506253477109 -3.5766774684226 1
-2.42988793059897 -3.68252559343318 1
-0.798570011539111 -3.93021529779466 1
0.484942868161556 -3.23775582023847 1
-3.40346514577477 -1.42792112004083 1
0.0573109284903408 -0.551905936664999 1
-3.86807349344992 -1.93943470302339 1
-0.298382576688305 -1.77047688637561 1
-2.59376944692489 -2.29876333189727 1
-3.60425848253644 -1.90336924068169 1
-1.63567657116483 -2.6860095889016 1
-3.48003460681936 -2.84353579354584 1
1.93540804659055 -4.39793589587041 1
-3.27186387082951 -2.19783754609846 1
-5.98656931675485 -1.16691718315592 1
-2.45195674178746 -1.31450031234837 1
-2.98140257198646 -1.58626283806935 1
-1.41596173114246 -1.1640342266156 1
-3.91311020110497 -1.80135446282487 1
-3.41631062626273 -0.372098232993822 1
-3.1174601664905 -1.25851415348231 1
-3.41835251550417 -0.530824892568465 1
-1.77661959037107 -1.89205045101852 1
-3.68807119770711 -1.43170036831967 1
-2.83375370140416 0.924536365091461 1
0.189842082661858 -1.43026176956074 1
0.0366590770666226 -6.8796454953422 1
-1.89076382254905 -2.54399476906879 1
-1.87943539551664 -4.04314062684557 1
-1.0722278602848 -1.40621411032543 1
-2.77356923456172 0.13557576375081 1
-2.23332354767194 -1.62988390537696 1
-1.37631949283657 -0.681927254847446 1
-0.147855466209825 -3.58842086182951 1
-0.612252282377582 -0.814721951719943 1
-2.58203768669844 -2.44088545693882 1
-3.46807767737951 -1.67434556659619 1
-2.69927569963081 -1.77201978046268 1
-4.33937675560166 0.440569707302313 1
-1.23868212983724 -2.70990168135077 1
-3.0931642686047 -1.16914532427513 1
-4.21907639682692 0.80423490552295 1
-3.41738760091197 -1.95706662741287 1
-0.753946265399394 -2.42056909751371 1
-3.24344349583887 -1.87089952941184 1
-1.92263735304592 -2.03863712992672 1
-1.89136065658272 -1.63363545164818 1
-4.35556392872995 -0.112712462884836 1
-2.07772747820618 -2.19621152939364 1
-1.82858212973122 -3.18781337709269 1
-0.757411285837445 -3.70900390768867 1
0.983802210085813 -2.73076697476372 1
0.798855378079822 -2.47960292250832 1
-4.97481151388679 1.73304139089415 1
-2.88674785052759 -0.451658658217019 1
-2.51787632380863 -1.25822212425898 1
0.15536000789666 -1.24779209386838 1
3.02622126815906 -3.63656375619052 1
-1.40886132548294 -2.85103672976347 1
-3.07639991899949 -1.10293600006822 1
-0.879153019219832 -4.09310750831346 1
-3.72256997592342 -1.50286584295611 1
-0.547874756353428 -2.4610842220096 1
0.181895068460515 -1.99996167078507 1
-3.77392308307343 -0.73988634145521 1
-0.133584514053787 -1.12727659344213 1
-5.83394920224136 -0.171671836744835 1
-0.80376773235087 -0.855662415662416 1
-2.12770028356145 -2.65630004352207 1
-3.8748885655187 -0.537375678869377 1
-1.33271083799171 -2.45776710041236 1
-3.75593656926041 -2.38237998030441 1
-2.8313251500649 -3.35108619075884 1
-0.0567346602236958 -5.5624771488477 1
-2.38893144387668 -2.04168830712169 1
-4.18613215119516 0.364356790273125 1
-1.91152230213717 -3.07336219442544 1
-1.48943459922247 -2.61973170668724 1
1.04909802794303 2.56668182032185 2
1.19124601474493 1.65856656742925 2
1.55534344797669 2.25904652862468 2
1.6655496040553 0.921549188829749 2
3.00764005419416 1.09360394580389 2
2.50128036804076 6.00979443496414 2
-1.09716429048253 3.17377654455585 2
0.574657481149895 0.726962832149441 2
1.83614677242539 0.808605533762448 2
0.850363528930786 1.06577873316483 2
-0.880706027433902 0.975346948731577 2
2.83927311918991 0.170702312763801 2
0.649408189810409 3.02368201384151 2
2.03005708160069 2.24361094696303 2
0.938343784429474 0.525323948337347 2
0.127697792033585 2.76180559635826 2
0.711191426318589 1.56817043121714 2
2.20873038169692 3.30932324318231 2
0.631556263519357 3.8634131354945 2
-0.950358002075067 3.73459517061664 2
-0.848185058079389 2.66337107274562 2
1.1016069612988 -3.11977199454986 2
-0.752416869905501 2.84245531400799 2
2.40716234882542 0.935759070668016 2
1.15568767968441 0.695621305781037 2
1.57286290500176 4.839628584198 2
-1.68076449083793 2.17773153183268 2
-0.443844522391178 0.30369812949348 2
0.167075912934959 0.838925003540941 2
0.0701606299347849 1.62429870670261 2
0.937223613134445 3.10031306437952 2
-0.185399561692055 3.45522928888911 2
-0.136378429100745 2.94088762055106 2
0.325380085999651 -1.96172643647688 2
0.831545260705455 0.425326509951708 2
1.34721537329622 0.368936015035571 2
2.47496939989912 6.01907093188923 2
0.0739840081338641 2.87076267105341 2
-1.76355543927656 3.32838963735486 2
0.923423628882891 3.49081980312926 2
1.10617229443531 0.128773822437869 2
-2.11161933809833 3.59123653340413 2
1.10501008641387 4.65070264796854 2
1.73049612146865 -0.295055571939381 2
0.575800213397491 0.686095444779821 2
1.6227201706678 2.20480108786549 2
0.835950992749287 2.2016722716849 2
-0.12823141322406 -0.974755187642473 2
2.7965631318625 0.677128675849249 2
1.24698138463724 1.64353543055107 2
0.618758383084829 -0.433806808279406 2
3.96901797234538 2.62820989637668 2
0.842383228268664 0.431836600218632 2
-0.227365246255085 4.19002839699113 2
1.49269545651125 3.44582314145844 2
-2.10920786064222 1.2110596889905 2
2.1399411583551 3.55121742429179 2
2.81807613302072 2.91667012869518 2
-0.111220757644129 4.66728004928916 2
2.37646489507948 1.98888706656156 2
1.67327096356745 -0.14075022289331 2
0.19655112668447 -0.701444033333885 2
1.04620686067832 2.94012742331944 2
1.79589043748707 2.17978683402385 2
1.00302488385633 2.58634026503318 2
0.913513838746556 1.75843520730004 2
-0.22427841136375 2.54465776096643 2
1.1014786257933 -0.806436156708715 2
3.57156712250795 4.86276727166639 2
1.26101241638123 5.16015806546108 2
2.34651241247814 -0.270260434993152 2
0.663997454505196 3.50248542661964 2
0.345270651965638 3.92508363305099 2
-0.252539398950092 0.282447874643233 2
1.99273644893998 4.27247367882489 2
0.379575295016889 0.556437913393008 2
1.55389191896839 4.77876600357369 2
2.44043764823351 5.09991992381301 2
-0.318677710992087 1.00005658308158 2
-0.122545528634422 4.04091316650828 2
3.23039639554887 4.52825643602023 2
2.8983960040941 2.04081507971881 2
1.39648806232774 2.20654165372889 2
0.0417403868137811 1.52629323926818 2
1.8725280468303 0.734399807319854 2
1.24955492722896 3.98454601876438 2
1.5340924557469 1.33795092957363 2
0.47905325430409 1.40252487546681 2
-0.075371351832429 0.235587912528727 2
3.04932829174461 2.37823116073207 2
-0.944960715242994 3.2837809281286 2
-0.557188922940134 3.61530786065182 2
-1.41263979491859 2.3072003218594 2
3.0261660323603 5.01225857545863 2
-3.09379624289782 2.72857400413836 2
1.36265464223772 2.94220851433374 2
-0.26332218419634 1.33581927159941 2
1.07103809825308 4.46737381734705 2
0.310423254912402 1.03433994015109 2
-0.1271443182644 -0.161744273970908 2
-0.429817127608999 2.64948740927996 2
1.20521525997945 2.64499888715767 2
3.18428704713862 3.31281832596536 2
-0.739596360005185 3.40055585941613 2
1.44961167194935 3.99559730281482 2
0.839979160025107 3.43646387104329 2
1.04996959806902 3.47163802096368 2
-1.74005321151117 3.68066550033272 2
0.411822384275612 0.0783951437467592 2
0.897211474503054 0.938085607819265 2
1.9009980744914 -0.763231729904823 2
-1.25592539505544 1.38023981810201 2
0.886751756335989 4.49133977259288 2
1.83097260492893 4.22857114916269 2
2.6380333567524 1.44437915007091 2
1.10368225774252 -0.804236422637469 2
1.1722679659251 1.03782668504019 2
2.55890878380301 2.62373182706877 2
3.88416596430062 -0.537248982243135 2
-1.4099670665021 1.6404122014158 2
-0.35010976547959 2.13744460213683 2
2.69406676961704 -0.17535963837214 2
-1.86716414578874 0.537786372745691 2
-0.573068685094423 2.80886580652873 2
1.79878111314752 -0.177974684661705 2
3.51490712346915 2.01777818061946 2
0.53665901743198 5.77098838693602 2
2.06746841347096 4.01006888376308 2
-0.221047926088274 5.35956865256791 2
3.20546470052186 1.59490902645082 2
1.08761138720052 2.80934871049026 2
1.17620560676733 2.78943683016244 2
-2.39144084554795 0.578875022080364 2
2.06523467382958 1.86594864772382 2
1.77396037929833 2.78854206469329 2
0.133707372389389 1.72537447411432 2
2.94855279887033 2.34082898081136 2
1.80812404704917 1.92386485626412 2
-0.185236806132889 2.99641204572771 2
0.00372348005276557 1.21220518776062 2
1.68111081723675 4.84883539458312 2
0.396911613489382 -2.65825242277996 2
1.90722844111438 1.93440847055629 2
1.01601543308688 2.30767482713836 2
1.20051823746541 4.82473952702882 2
-0.622178403591491 0.276223467498424 2
-0.877873001606237 5.47757625450514 2
1.19387899604944 3.67535370327647 2
1.83781539787737 3.42953631598484 2
2.54941169270769 2.00217672121792 2
3.37231299949666 -0.88816325354502 2
1.01828980355542 3.11224946000654 2
2.59442269850373 2.98867168674712 2
2.34202412352967 0.782201173777427 2
0.769879504270924 3.68284539011121 2
-0.920151212496396 1.95923483446832 2
-0.671253066533829 1.52732773553564 2
1.55657405900743 1.32221014289972 2
1.28155721397563 -1.73376011426384 2
1.34973283733417 1.09752837152917 2
2.80536003517383 0.225449933722784 2
0.25379514390474 0.242395367513524 2
1.03455125662559 2.88248632672517 2
1.02096473570082 4.35771445668806 2
0.923011692076207 0.396637484915807 2
0.854830554698277 2.01353674386745 2
1.30601486767523 2.25942071003567 2
-0.644708258077665 3.35530699802341 2
2.03734556805414 1.71621373478855 2
-1.42531787882907 2.29390880468215 2
1.66842425254969 -1.06760612302604 2
1.36560486632256 4.55895393228465 2
0.605976100959902 -0.422510269746465 2
1.08925248485702 2.29097522957507 2
0.782302386853541 2.15905408513815 2
0.102602231736867 3.20981150117292 2
-0.612170178371702 1.03875282862153 2
1.29478587458224 1.2105541105708 2
1.4041055755875 1.32180088831609 2
0.20306936060414 0.542475694260136 2
1.35488277424585 2.74078436434402 2
3.10595453529959 2.56152572244603 2
0.0262013343176093 2.42036149570152 2
2.15082010222915 3.44972389388529 2
0.956651929501794 2.57195145929043 2
1.09102921886269 2.91899513978694 2
1.15721090607621 1.87583895672594 2
3.90025834406842 1.49295117682922 2
-0.673748722815021 2.44276511895274 2
0.874187877530163 3.94313931462143 2
1.8793274184294 1.07629121637974 2
-0.140085971884055 3.89576393327238 2
-0.656471960258863 3.45509004315009 2
1.35202250840011 4.93105344939486 2
0.665079257601165 4.00231992950237 2
1.3964390791469 1.81371237028899 2
1.78180033889569 0.109103276148024 2
-1.53233049989993 0.515386974480787 2
1.13398926979605 0.886626079840863 2
2.60965776535025 1.45998889706142 2
-1.45498316855564 2.70485743485013 2
1.69892060528023 5.7432789281846 2
2.53338797802171 4.35030833673688 2
1.28313373268049 0.52142137724043 2
1.74868527323851 2.2855162234684 2
0.413727275542355 -0.515766174803467 2
2.19994314528308 -0.474968922126581 2
1.45866175350172 -0.884100825240389 2
-0.442941457610429 1.69855559620389 2
-0.877398551249777 4.00309292174914 2
-0.256542028426393 3.10598487044745 2
2.55676967103888 2.03659592147357 2
2.19516909500125 0.123528643803408 2
3.28105841166361 2.22703097995795 2
1.56862077341192 1.66717041466868 2
-0.00303628287116364 2.19018891888231 2
1.27754521378571 1.70660830134348 2
3.11570733891018 2.03838558135331 2
-0.0524769810402237 2.97512336572265 2
1.55098275267406 1.50133848545864 2
-0.502312551796047 2.23211151929603 2
2.36800692899791 4.25582301441998 2
0.689505853343398 3.79659680614299 2
2.14166726748228 1.63753016602519 2
0.872640403213888 4.92880742160987 2
1.0171675899962 1.56822928656041 2
0.976474016207601 2.50448360159318 2
3.04198974739458 1.39425932017344 2
-0.210799346179149 2.46354170765256 2
1.39520030324925 5.77818079267813 2
-0.0756338481940495 2.35033289709723 2
1.52086205217037 3.62968578735566 2
1.11282161461519 3.32330530679177 2
-1.59995612909607 3.08845685136253 2
2.66259355391972 4.07067829947669 2
0.836640193979763 5.3584507729627 2
0.926542966293803 4.56160513356537 2
-0.088926551577827 2.70139015694115 2
-0.0466171390904431 3.16367676939739 2
1.5048117256874 0.332655373878528 2
-0.0911848218588742 3.35326901867275 2
0.319138401775469 2.1874368442363 2
-0.954282991817188 3.07384841591261 2
0.591506401184006 -0.238088010849113 2
1.41538200332901 3.35077876852042 2
0.855819489816233 2.08324692871964 2
-0.730033117764837 2.79929003195624 2
0.606577093548709 1.98582154072862 2
2.42451958924083 2.70673931543677 2
1.73175871665339 1.6097058736429 2
2.48057604224823 5.04332035534184 2
0.815246114593383 3.66596657537919 2
-0.580225379238963 0.0520008715467539 2
0.438931398250065 1.37402848589485 2
2.0479357963871 2.71472804263694 2
0.805171350408438 2.65149013911399 2
1.37189963435183 1.84331918660721 2
0.83859354111807 1.00101159845796 2
0.688794062128495 3.59483301584157 2
0.963371225969191 3.72035380515569 2
2.30355247983099 3.09302592906131 2
0.584599517977655 1.06644100134878 2
3.26979262622155 2.40577702236302 2
2.22309473843996 1.930521769123 2
1.28811927261611 1.33537285639164 2
-1.1600542353957 4.13622685933131 2
1.22095134238806 -0.0719700165014254 2
1.77863434909578 1.43664495582556 2
-0.933594622912733 3.63497081678948 2
2.34567594883706 -0.214017792998276 2
1.31667673891007 1.08419446168444 2
-0.102942727198486 5.50368428018679 2
-0.795930266917266 1.29316423314899 2
1.2166341852802 3.17528219245251 2
1.28663716541425 1.39191947389343 2
-0.690910017469058 2.71709559214889 2
1.54157399755196 -0.0287957431193728 2
1.57295951050999 -1.63944890199491 2
-0.794479309248555 -1.07856340626443 2
2.44096529002401 4.54807605183118 2
3.36372815720219 0.698280965007243 2
-0.0630226295602236 1.55396068805608 2
0.747939421451168 0.276289009234598 2
0.363671518929805 0.672426848683378 2
-2.02805971978397 5.14198538680615 2
-0.182423218403139 6.11307372764632 2
1.90785060258033 0.819389127405666 2
1.94564403991486 0.663446765224092 2
2.70291853488254 0.810981902818343 2
-1.38959538774482 1.17827554754115 2
0.299470171914469 1.5803821029806 2
2.62428792153277 4.69338077698367 2
1.37790161866662 2.53407759272898 2
1.9243382642336 1.61695235750393 2
-0.509698589302893 0.877404409229506 2
2.09280565375554 3.4183269575977 2
0.398350834304628 1.41174063000194 2
-0.324153738452551 4.46327189954935 2
1.84048952271552 0.873841141870154 2
2.73085046053275 4.5831597126815 2
0.457970498666867 0.985173455527542 2
1.11049596501038 3.97637550721136 2
1.8605990423024 1.87096592913233 2
1.15322030004731 1.24214940244002 2
2.03621252905976 3.18129538973702 2
-1.45851412351604 1.53447162918726 2
2.85954056844923 2.31460246284775 2
0.39726238725972 3.20254903099433 2
2.31250365992022 1.01083706060748 2
1.88864765610391 2.27488131753023 2
-0.739113238899498 1.98811963019693 2
-3.01897737292308 3.10470569377065 2
3.0632039741709 -0.421532936687703 2
-0.999697680336054 1.12531295543183 2
-1.19851730885685 5.07046233735714 2
-0.0865121339317507 3.31975079774933 2
1.99038871630885 3.53827331523799 2
3.89072837432948 1.38517044345206 2
-0.343710623605971 2.87546301506247 2
0.849189323522762 2.32602177479972 2
1.0890642444954 2.9912776909595 2
2.2816206930897 1.15135555627956 2
1.82614020498023 1.89914283437068 2
0.398179050873683 3.98588749498701 2
-0.316121027158931 2.11554183830349 2
2.0634743408495 -1.50927439285692 2
2.26356153061102 4.19597747910124 2
-0.0580497351269738 2.42682018485001 2
-0.32776006544658 -0.826635858869537 2
0.465281088855375 4.03149786880176 2
1.03361396389495 0.444182667660688 2
0.305407742694037 -1.77860489807673 2
0.268903586354567 1.73152140951229 2
-0.211387439995904 3.25752648768963 2
0.636173115341545 1.0173956480087 2
-0.132058084990045 2.35277614475402 2
-0.458468540236928 1.32660500589148 2
3.09521774726058 1.25187987431167 2
2.31216966903066 2.43505275416692 2
0.468969417389688 2.58684579422613 2
2.23239714412593 4.17140692936001 2
-1.5888813144357 3.82779555453415 2
-2.22373166881733 2.43525642798829 2
1.0555596513444 1.9875895402059 2
-0.500219401223328 3.55344977457004 2
0.270025804252992 0.501064409665766 2
1.76219438950828 5.58901196559187 2
1.567930685154 3.82871439487301 2
2.46635758429691 0.538478024917931 2
3.09390174096531 0.818309292699724 2
1.56171592429936 0.644659830287566 2
1.90154093112266 2.21760917021953 2
-0.384488134292531 -0.381503747867058 2
1.52045784136445 4.12029435189657 2
-0.826945288496033 0.134718952786021 2
0.683424285708039 -0.977844740803205 2
2.11340610683052 1.21272676202899 2
-2.01057624361356 2.15864417769191 2
3.86718294599225 3.14187674901862 2
-1.16345817260375 -0.246442328389433 2
0.468205048560921 5.14997163429765 2
-0.989486513181214 1.22790813343811 2
2.34303846217532 0.0939376626933566 2
1.01481889253381 1.90973512534188 2
2.70147814658671 2.10120926385753 2
-0.336034423180478 2.51402990523431 2
-1.75340565792217 2.6525470892214 2
0.828395467100335 3.15837287994206 2
0.885366306231705 2.17811721499233 2
-1.40330133876957 0.971762470313941 2
1.6333208849465 0.940499786536759 2
1.15880767179218 2.08188183873114 2
0.970993625630472 1.17667012162648 2
1.45809085300818 3.05344509912307 2
-0.745468737068235 1.71566070845755 2
1.23246418154171 0.186917961033163 2
-0.296869234909007 2.97386816279936 2
2.47501124464246 -0.100054896882121 2
-0.419792825910989 -0.319625268635556 2
0.382331826638322 2.14422222737913 2
1.10207391896824 2.60704570525455 2
-0.733405483252356 2.14781693945132 2
1.09464067451956 1.75220377191334 2
2.07719568966087 1.17650743999292 2
1.74220845247216 3.99563038509437 2
0.377509359352742 2.07906945779218 2
1.40771569037784 -0.418471956684089 2
1.84613906465737 3.70753509697806 2
1.43638041493951 1.30923561853689 2
-1.26448286487107 -0.544726246266292 2
1.18667406970132 2.84030453407658 2
1.04382979733818 1.23452692415835 2
-0.714394607467546 0.685529616412209 2
1.32883812201934 0.872273251740759 2
-2.37367344464603 1.43485530387248 2
-1.34313984846637 1.53229443822412 2
0.225617238392711 5.8467822236998 2
1.15659411786395 2.33744015248474 2
0.870199989098362 0.930705086949686 2
-0.610863448493346 4.58549880097789 2
0.836514948622664 1.32761149948766 2
1.32467585817782 1.88219218572323 2
2.75206192184695 0.605258552633019 2
1.53863998413271 1.06746713200053 2
0.92215389449276 0.624554775767203 2
0.837773160542939 2.72938067894525 2
1.28187817066158 2.29579363211025 2
0.806893511771528 2.1637294409233 2
-1.12379834554382 3.93614654668524 2
4.01212735548908 1.34256820080969 2
3.2233955290203 -2.13268713980236 2
1.41112009300229 0.920647665989229 2
0.647009647712305 0.640221540556428 2
-0.300059594448555 4.1785188992868 2
1.6544416169725 3.05210791483978 2
-1.94059611670951 2.18378304068595 2
1.12807200248324 2.83187927546991 2
2.04569982181512 2.77788107254008 2
0.947875906377626 2.77560748991854 2
-1.46599880937211 0.513578444831718 2
1.23786667163282 2.269400154812 2
1.84136759589823 1.96737110771763 2
0.133356848937885 2.86339336345065 2
0.0415206718867074 2.63303395144173 2
2.10768793677714 1.58871294889737 2
-0.461288607480501 1.5076136487792 2
0.26424407350113 2.14304230525732 2
1.43155652630574 2.72741368992573 2
1.09296537053226 1.43037266562982 2
-0.107171777047253 2.85190662883228 2
-0.737366709524355 2.43876484054381 2
0.793354136420635 4.09169822847819 2
1.95959238018935 2.82823150925713 2
1.09624052491814 -0.337965049334032 2
0.283561265434964 0.121968061331901 2
1.69158567484857 3.0406982364126 2
1.63164117936773 4.07534574604538 2
3.49798151183687 1.42043145070787 2
1.08278233873945 3.21332583124182 2
0.718158464042491 2.18204827355163 2
2.25318092970693 2.11676394222615 2
1.2550565368183 0.0594409192115704 2
2.36860201636147 1.47440050596079 2
0.923274519715408 2.40479540758451 2
1.74522452395178 2.32765833649267 2
-1.18868370350654 -0.583790085199968 2
-0.0330410090973916 4.00704758348783 2
0.372713477222374 0.709573030935537 2
1.09448168351107 2.18973900903177 2
0.305106253983367 2.71553294912612 2
2.14970210217288 1.27736779135086 2
-1.21947851266596 1.40012610336722 2
0.585551991406101 3.69183259009184 2
0.890439795783706 -1.58939744476702 2
1.43281603521991 5.17819692623893 2
1.59492397991993 0.597669114502219 2
0.148749473942694 1.54782686393703 2
-0.526093135127222 3.02113716050121 2
-2.59319550058684 0.448463893793687 2
2.32713372515422 5.20344021347344 2
-0.616513386780817 2.70510168045474 2
2.0403068652407 2.80862219707292 2
0.466843364274027 1.57545747988961 2
0.428518463636594 1.26485597184503 2
1.11008362529864 3.08126616096224 2
2.15145668094353 -1.1726901688362 2
0.0800428581684863 2.54761441864538 2
0.836897206409075 4.23644208106704 2
-0.538173640574188 2.36667354969808 2
0.168086835651666 4.6333965909795 2
2.23706295194406 2.47425003233247 2
-0.321208285051731 1.2609045868911 2
0.877390764652013 3.63586800060963 2
1.14621222157811 3.98725329017562 2
-0.369573971773816 4.16525359020601 2
0.746240429365229 1.69761135490463 2
0.0755429646307166 2.05074583268043 2
1.86932240805127 3.12689526534495 2
0.65064285345925 3.6329615165419 2
3.45308566843348 2.76682807082479 2
1.15668237626677 4.90473017004475 2
-0.113344353984461 -0.393616336362847 2
-0.49187927361054 2.33890041570063 2
-0.540833100522979 -1.4199513428512 2
-0.286321663749275 3.90356002320874 2
1.63064224592907 -0.360962367375554 2
1.05846248717437 3.94141171305055 2
-0.999329487916083 0.130306166166837 2
1.31319066400394 1.91711471908237 2
3.04590408122806 -1.70482898126474 2
-1.76316627544603 -0.521512543813299 2
1.40538821268615 1.99406544351573 2
3.50588461971765 2.99876244752384 2
3.26139665899097 0.957549736390617 2
1.18487552429572 2.73929418373421 2
1.93965404692091 -0.450972941758522 2
2.42365414822558 5.0071083265022 2
0.496901727789326 4.18234317673044 2
-1.15066652263607 1.31263392747225 2
