-2.15445151474153 -3.23123405736172 1
-1.04481325595061 -2.46566827303316 1
-1.51125762970117 -0.938954940358174 1
-0.587329713624458 -1.99228779994483 1
-1.97337724706769 -1.61588010175125 1
-0.230182417073879 -3.26545602938805 1
-1.12683621151406 -3.10559869157773 1
-2.43940898114218 -1.80381669711541 1
-2.64736016453142 1.5599211745969 1
-1.60937328000758 -1.05062244943896 1
-1.19316919345107 -3.11700965501092 1
-1.50173829461106 -3.38533417416714 1
-1.80866073277635 -1.70457698058859 1
-0.824897760375605 -2.86820023642288 1
-1.92136607772866 -2.03214474816786 1
-0.583505588160023 -1.35169033351206 1
-1.03970656677009 -2.6980141628541 1
-0.980609809478721 -0.690174278099862 1
-2.59997390716179 -1.25305056554197 1
-2.54532316957762 -2.74044464494323 1
-2.38257576407814 -3.47805628665904 1
-1.25684771975796 -0.812913661072315 1
-1.26896792356186 -0.362965700565448 1
-2.23848189363251 -0.57662511505583 1
-1.62719270422564 0.865780202287491 1
-1.07332702935202 -4.44092125340313 1
-1.48435907392434 -3.90730404532611 1
-1.94977248043102 -2.05720825420393 1
-2.10191821329019 -1.630300472156 1
-2.23669230500325 -3.45656068067503 1
-2.63037382667122 -1.44530024188042 1
-2.29762228580636 0.898607096856369 1
-1.36108265712779 -2.23770214758281 1
-1.31410529368516 -2.962915034407 1
-2.58893786342634 -1.97194070671187 1
-1.1919099540086 -2.06573529167889 1
-0.220192652259143 -3.51153772991016 1
-2.81358386091366 -3.40599145497917 1
-2.18126150323658 0.316005288460474 1
-2.33788395740461 -2.29473800715623 1
-2.26157056401723 -2.41759739151948 1
-1.29267506226512 -2.14207418335375 1
-3.43350427048549 -3.18872565929827 1
-1.07707191363321 -2.6269409899858 1
-2.72070486879349 -4.27334045322003 1
-2.23495627440052 -1.94712627440367 1
-2.69407384486517 -3.17167789416284 1
-1.19817636574929 0.744941704916628 1
-1.11502454063345 -0.213097391905667 1
-2.19856358201624 -3.76563853335949 1
-2.34871329422437 -1.05581165350047 1
-0.616436559991574 -2.5226833515834 1
-3.09126485441089 -5.83403591662018 1
-2.84050722769775 -1.77564531523751 1
-1.43301370822602 -1.68152786328484 1
-0.485661390177292 -2.08531936810253 1
-2.8920403221369 -3.89769154063889 1
-2.12388201944547 -3.55066048141562 1
-2.65480378340852 -0.160691125808554 1
-2.38063017228197 -3.54018809167609 1
-2.23123710818548 0.374244772991392 1
-3.04908768747727 -3.315269593035 1
-2.36839233001181 -0.475415260705746 1
-2.76614482309558 -2.90400908359233 1
-2.5743202363135 -3.96012997275403 1
-2.20050797327426 -1.88608709275911 1
-1.87165718952184 -1.9196614532796 1
-1.46642712341619 -3.44901367162502 1
-1.04314431034765 -0.224153690831196 1
-1.66231062007129 -0.200246023218216 1
-2.95952018226962 -0.55570593681229 1
-2.16936740916535 -2.979982382974 1
-1.86227570664318 -2.60214751491503 1
-2.66634166047179 -4.3504212594338 1
-2.95125508722516 -5.24427044575513 1
-2.7679346594059 -2.64835676152818 1
-2.44656629191467 -0.703142271204651 1
-1.63157379414045 -2.33754175483878 1
-2.42058783005095 -3.52217845878543 1
-3.41365511668787 -1.80562702785541 1
-3.19167412292557 -2.24142399207819 1
-2.30373226354079 -0.462535978364064 1
-2.07732540710436 -0.847982456710151 1
-2.85767934697026 -1.21155086254751 1
-0.81311096632427 -2.63376596668499 1
-2.18853292569266 -3.16503618462477 1
-0.999689562388983 -0.751125389857264 1
-1.62685617159556 -0.916813283400222 1
-2.11113136361366 -2.96930512851852 1
-1.38009274117434 -0.79459662786666 1
-1.76410361031681 -3.92157650435974 1
-2.62327986293771 -3.0666251174706 1
-2.7330487679839 -5.99043212691256 1
-1.92073324128943 -0.804254732312332 1
-1.51465576895643 -3.31287283042858 1
-1.04386203249936 -2.43529528369601 1
-2.16634930675486 -0.456765195327834 1
-1.82629957941432 -2.66097799810244 1
-0.564198395731701 -1.63640222517213 1
-1.50809593565902 -1.80849130265308 1
-3.19596739860019 -1.69945808641027 1
-2.01564599441667 -4.27862582424849 1
-3.08071492872038 -0.920988076722044 1
-1.96451216825918 -1.27209311647235 1
-2.257530072298 -0.248432220159996 1
-2.37335343965271 -3.70837792748835 1
-1.48561691342868 -3.59885277096774 1
-0.533324357071761 -2.05074983150824 1
-2.63052834629492 -3.29093702313722 1
-1.37366775207185 -2.84121743431545 1
-1.86249824923141 -4.02177326484233 1
-2.86642619453278 -1.25297067204295 1
-2.57992578638767 -3.52924311401883 1
-1.37565363899883 -2.72108385094673 1
-2.3347632422471 -1.98534707485115 1
-2.38117472279146 -1.66926619556531 1
-2.14685701963391 1.36537323233972 1
-1.07942228546275 -2.33305975767619 1
-1.40949249887809 -1.0026207971334 1
-1.48384757690146 -3.78624679656461 1
-2.35139240019323 -0.530686967133784 1
-3.10436434596094 -2.93955586358814 1
-1.07611426350594 -0.447924040915739 1
-2.73552550068466 -1.30532235245138 1
-2.17931326198979 -0.710965425022532 1
-1.66935368436242 -1.44228184633036 1
-2.41417362620311 -1.87035872755822 1
-1.66664003320838 -1.31029563960073 1
-2.745245012083 -2.78768000264256 1
-2.9472592774984 -1.185713165658 1
-2.5943212779321 -1.82790857075969 1
-3.00755878949747 -2.4699227530979 1
-2.45296769270029 1.33502246274211 1
-0.115957764462021 -2.23562277692641 1
-2.13678115884992 -2.34354778710608 1
-1.68268901435889 -2.66608278273694 1
-2.89009900684973 -4.28729119490595 1
-2.23790971450833 -0.0943528149330866 1
-1.75738064121279 -3.37543093891873 1
-0.6851517906714 -0.560853683667671 1
-2.20616932726023 -1.09528206037416 1
-1.75151550365471 -3.43897373532402 1
-2.09332311500348 -3.3658752665783 1
-1.77966564948962 -0.148876029945169 1
-1.28695419379554 -2.76861573332746 1
-1.13006214117435 -3.50868859082449 1
-2.40066035720935 -2.41936488154108 1
-1.49206346088742 -3.52292859317344 1
-1.86843401124072 -0.823476956834928 1
-2.22182233601459 -0.455951137525127 1
-2.6869005432498 -3.59353988921368 1
-2.70624493916827 -4.24174466883708 1
-3.32982163655792 -5.2536743868319 1
-2.50257428401015 -2.29038800687771 1
-2.37415508115956 -1.63059580502887 1
-2.80069671975414 -2.59883138673925 1
-3.02117210715608 1.79736390709127 1
-2.05498143006105 -3.01593598536245 1
-2.56921226510881 -2.7325285565793 1
-1.77977220580512 -2.91985177469908 1
-2.35848574488883 -2.79893176421913 1
-1.84999519610252 -0.964565757370491 1
-2.97903571860106 -3.10736408823286 1
-3.85692117807709 -1.06977426939218 1
-2.23750604869707 -3.36545859232524 1
-2.90625738511505 -2.33014031344106 1
-2.38253708746509 0.577462582116752 1
-0.308992247575402 -1.47270204392036 1
-1.87978975316245 -3.6325457442789 1
-2.31294195054557 -3.30844406638433 1
-2.39064926338153 -2.86200235401299 1
-2.14854567271423 -1.72600044197372 1
-1.10149671267662 0.739437209750952 1
-1.5133591602463 1.03883320438789 1
-1.77944155073324 -2.05732909179885 1
-2.52369839945483 -0.339854399311533 1
-2.1298251890249 -1.33340339367637 1
-1.60194143412023 -3.78324839302413 1
-2.13170945657761 -3.31656419328418 1
-1.63687071578584 -1.91515647013661 1
-1.95497939360035 -1.88836537221111 1
-1.93710297125587 -2.99488358694767 1
-1.69414646106008 -3.75095065457839 1
-1.99731561272211 -3.29395591175272 1
-2.253637556185 -1.073265509186 1
-1.20516598387527 -0.635438522444661 1
-2.57318663793053 -2.97865380991794 1
-2.52365098786254 -0.904278761016841 1
-1.87467593486162 -3.04306955534081 1
-0.608695237698252 -1.1867961563168 1
-1.63939172061756 -1.20105779286583 1
-2.98320931264253 -5.28779052460176 1
-2.37018225469216 -1.82940865126164 1
-1.19857467320055 -0.489926768920708 1
-1.42417905063035 -0.978229768179793 1
-1.41823816966904 -1.60829955832844 1
-2.65551642404543 -1.87225968241647 1
-1.55480760623619 -2.41614731808507 1
-2.60794438219223 -0.372058267711361 1
-1.58893385802458 -2.45954962700409 1
-0.34148039437354 0.459316508851515 1
-3.0034873190582 -2.38416841455056 1
-1.65237706651295 -0.878816378593043 1
-2.5406272162359 -3.2187271815632 1
-1.02035837343127 -2.89065021062359 1
-2.07259223517834 -0.159144532976129 1
-2.19621342844806 -4.55389836085784 1
-2.30755411921803 0.219736172870905 1
-1.69983585070797 -2.90447392437444 1
-1.17031404018543 -2.84008179513442 1
-1.71511308620338 0.0787580751957284 1
-2.30800959684355 -0.252617115881772 1
-3.17039127998648 -2.07100543868774 1
-1.6296348589165 -4.33810424807334 1
-1.39754915185836 -1.79532961600875 1
-3.23615069012625 -1.83619164139859 1
-1.62024854353057 -2.84216219022854 1
-2.53084320853021 -2.43072496283153 1
-0.990240250904139 -3.36027925390966 1
-1.5884307095201 -0.836726356888722 1
-3.63480074258792 -2.03356028927252 1
-2.17173598924117 -0.0711146280108201 1
-1.68481026186634 -0.963230157384086 1
-2.08177359404817 0.252762131053873 1
-2.67518229708852 -0.440544531238763 1
-0.57098624279697 -0.989096335784289 1
-2.37594630766765 -1.84951964632631 1
-1.62049450594433 -3.09242181651122 1
-1.97595722166844 0.162145086680169 1
-1.48400967346551 -4.02996707027194 1
-1.87163149905039 0.282563913544431 1
-2.72513869505829 -1.32427263326758 1
-2.41496694124433 -1.30959237063759 1
-1.65122953568537 0.107395287502622 1
-1.58846496996936 -3.03329307542028 1
-2.63706169534164 -1.9208356729782 1
-2.06305348109308 -2.88355470585251 1
-2.30236240033691 -2.37754218680459 1
-2.20635182737179 -0.810676730830781 1
-2.29929917828957 -1.10933807498567 1
-1.66087250847235 0.886540294560024 1
-2.32776410843511 -2.02727275747626 1
-3.57585817819301 -2.24644884369861 1
-2.81591580568918 -1.74517800808904 1
-1.95301854158335 -0.697678078139066 1
-1.46039987687598 -1.76549225017368 1
-1.05583965482456 -2.06235121609599 1
-0.829356339537612 1.42587976702793 1
-2.90130532357698 -1.81546630337981 1
-2.76113248503417 -1.95677796938548 1
-2.59215464689022 -4.00264714979314 1
-2.08759923027031 -2.03439284599104 1
-1.16445670814123 -1.32685390965492 1
-1.63851323859335 -0.860679626730915 1
-1.7647186637866 -1.13693798326851 1
-1.07893947818368 -3.3445444805986 1
-2.43483424845347 -2.53094482244152 1
-1.8287130562925 -2.46660717723169 1
-3.06038251612578 -1.10737289003186 1
-1.53540528197754 -1.16233873481499 1
-2.59991026397251 -2.58192551351997 1
-3.31151218263663 -3.02340849143666 1
-2.12436471898301 -2.01797380661175 1
-3.23182797532619 -3.60942392765191 1
-2.0916420706264 -2.67749573288266 1
-2.98025435113485 -2.84238163932582 1
-1.28568160086875 -1.49400670005101 1
-3.24733689254417 -1.61516053782989 1
-2.28317867697022 -1.90333864619315 1
-2.60681684009549 -1.88053374659951 1
-3.04926735713702 -1.47058996286577 1
-1.2408859068154 -4.36300248915042 1
-1.76150884235235 -3.27460917001208 1
-2.55691526112006 -3.94148228175996 1
-2.11530398274769 -1.55883692000831 1
-2.7126630485572 -1.17643948868715 1
-2.64246664468233 -3.30374445200544 1
-0.978548055068974 -0.0791299573352147 1
-1.49990271504683 -1.90645678499294 1
-2.18506469586889 -2.8410222637764 1
-1.54032574746058 -3.40784943619003 1
-1.46259558600026 -3.34977147815168 1
-2.43592397083339 -1.23306528143066 1
-2.24596482916569 -0.878968876582469 1
-0.877445614325183 1.1618722206425 1
-1.20872337644418 -1.06121104347299 1
-2.54595512602065 -3.30632560799421 1
-0.547024101360646 -1.5106057817788 1
-1.63855178052584 -0.986912403903169 1
-2.58363462707545 -0.894826698532931 1
-3.26170802738144 -4.88094406428667 1
-2.3034878964319 -0.566780758326703 1
-0.435581735702096 -2.41576933251752 1
-1.31804241508241 -2.45985917183182 1
-2.04273613577357 -3.93899547944892 1
-1.95442957054646 -2.28423023615012 1
-2.22391147666829 -0.364459916107392 1
-2.91552592812067 -3.67902853446274 1
-1.06395103427092 -2.23197163290172 1
-1.71724023690855 -0.730564985301343 1
-2.94678410106152 -0.998835518018366 1
-2.12754748637638 -3.30055400651299 1
-2.42897450025894 -0.905049398664863 1
-2.01030451150398 -0.930892143357905 1
-0.215263163450198 -2.88113081819249 1
-2.3070524506841 -1.22870125980389 1
-0.780936443376395 0.484859682317699 1
-2.02880830504088 -0.465269284474648 1
-1.56523636327031 -1.16531121042913 1
-2.32398740119427 -2.43011466340205 1
-1.32464598157238 -1.23785946153903 1
-1.4094464071461 -1.17174306605545 1
-1.41120499129432 -2.62637330183523 1
-3.1757896901344 0.110984263741233 1
-2.35235656195451 -2.78426766019283 1
-1.7404326303946 -2.90088368425768 1
-3.49370855226683 -1.19345005320899 1
-2.45639192179202 -1.94818741822901 1
-2.17327980458126 -1.49883335394087 1
-2.39942374732918 -2.50446508537678 1
-2.1331379238001 -2.53002834930538 1
-2.16788274922135 -0.222555540051957 1
-2.4039173438433 -4.55217211147173 1
-2.43966009117812 0.310808845600327 1
-2.46750211451743 -1.81353150865619 1
-2.63272943943754 -4.71326620053939 1
-2.58218007114397 -3.3738704873001 1
-2.19765962629638 -3.3188903608074 1
-3.52947152810974 -3.55267683376661 1
-1.69080768793594 0.177893553094017 1
-1.86948713327144 -1.5240756815635 1
-2.5726515947407 0.459666436078314 1
-2.19341682606248 -2.38197260063411 1
-1.3832350608677 -2.32774541980354 1
-2.06901037553051 -3.73818258812076 1
-2.74130774706074 -1.53759046407208 1
-2.52953120523655 -1.29487748861719 1
-2.76033028880546 -4.02198686832092 1
-1.40258684458349 -4.03862659826398 1
-2.24139704717893 -3.17543860466723 1
-0.320341708428924 -2.15184539354387 1
-1.88133907506183 -5.17742165706823 1
-3.21347292900788 -4.78689183394462 1
-2.58056499580706 -0.0260492709195568 1
-3.01897267793887 -0.200136564517085 1
-2.12587983837188 -3.73156229778082 1
-2.55748656228836 -2.84604652538573 1
-1.98239918853651 -1.4284364706168 1
-1.3778163736393 -1.73519411100269 1
-1.84098841622902 -3.79119227214151 1
-1.75607021464755 0.322279952091212 1
-1.520820191167 -1.76144734048307 1
0.141971945354166 -0.984302872816418 1
-2.96234695319487 -2.99585137854025 1
-1.04042266269494 -2.35036639986685 1
-1.71857949995745 -3.56690334699124 1
-2.69244571788841 -4.19507643451452 1
-3.46717163338283 -0.686860831345587 1
-2.04428158712521 -2.23922298917748 1
-1.30966416178098 0.400323394248449 1
-2.03825062415528 0.0920100744147985 1
-1.943392808031 -1.43101947605339 1
-2.07698941563765 0.0056499416806437 1
-1.89285661673944 -3.89968027985187 1
-2.831190205348 -2.42966763077526 1
-3.32135593479062 -3.46703369722022 1
-2.20280484963275 -2.23284049898967 1
-1.63612581864755 1.15826923406841 1
-1.26927363033271 -0.737254393261322 1
-3.67059359968867 -1.99348462562136 1
-2.42556348999742 -2.30279726708525 1
-1.08206528033086 -2.31234043673255 1
-1.70202262503457 -2.90144034793638 1
-2.89685632421499 -1.78616177570879 1
-2.60019722511042 -0.495520263870418 1
-1.31662372470095 -3.76756938951919 1
-1.00067560276551 -1.55272943943194 1
-2.26915748749019 -3.55539083989231 1
-1.73808978529486 -0.673147397950705 1
-2.30856456286737 -3.69743452983934 1
-1.1393948313404 -2.55142285208347 1
-2.88359674054255 -2.49070804989105 1
-0.743996704020959 -2.79593566915555 1
-2.04842819114994 -2.99820718432033 1
-2.09193966596142 0.319163600770759 1
-2.56824574367188 -1.08326081930513 1
-2.85362154759676 -2.6711495847971 1
-2.1498279859327 -0.333565369443784 1
-1.70704118671635 0.920221273767347 1
-0.837975863566295 -3.6511127432679 1
-0.181617221758134 -2.92940372789252 1
-1.21114089742409 -0.158756819729098 1
-2.23237207902825 -1.98741206583083 1
-1.2391757625125 -2.74561210524828 1
-1.40924974559037 -1.52454056057838 1
-2.03245576115558 -3.18695623195572 1
-3.09542109856407 -4.96162517961894 1
-2.08201674549564 -4.02964617216057 1
-1.77132786461935 -1.843739961108 1
-1.68246711439361 -1.6686131553056 1
-2.30730210074876 -1.42125444449109 1
-2.08421618980331 -3.74884321453445 1
-1.59017508017276 -3.97391522163371 1
-1.66165328306448 -2.27705645972664 1
-3.08408023693653 -1.9554441353283 1
-1.71315236602237 -3.58350906832562 1
-2.65736856365185 -3.07452383947303 1
-2.38827999796025 -3.60460595014438 1
-2.27523149383212 -1.19905263591328 1
-0.620442922769629 -7.24679910264838 1
-2.1600698137217 -3.08466709041829 1
-2.07798320158883 -3.76974365408303 1
-2.20553927851375 -0.722012879172945 1
-2.81765316907652 -1.83540786699465 1
-1.2420598195018 -4.15308034290353 1
-1.58494662880468 -0.288308833507645 1
-3.14725497530932 -2.70480646181567 1
-1.73521471510948 -0.402675506541074 1
-2.4768233127412 -3.38089879847614 1
-2.47350763007484 -1.70580799064722 1
-1.82704824028368 -0.675208328565212 1
-1.50869040839996 -2.96635481308356 1
-1.10343381051054 -0.888413817720066 1
-1.20937490826986 -0.846060403402261 1
-1.97200963182114 -2.57820202645519 1
-1.72849874474096 -0.526266036757747 1
-1.37797409416628 -2.75077131553554 1
-1.25022507768389 -3.73246302578909 1
-1.2680003147193 0.808052332023357 1
-3.23732466358968 -3.80518431747126 1
-1.04169089574739 0.150362633926485 1
-1.52204835946386 -2.03406949335463 1
-1.62419189029274 0.568019394084961 1
-2.74670213304017 -0.65334033747535 1
-1.39586512327274 -2.74989171146999 1
-1.49025469793071 -3.50542739482335 1
-2.34536227787205 -3.52147427120071 1
-1.5875716575994 -2.44531354382616 1
-1.25613123952129 -3.45471576713904 1
-1.41924240430846 0.812710031951341 1
-1.0386984944657 -1.95699474646878 1
-3.23148236748613 -0.809089198673473 1
-1.29390331859428 -1.86763050674669 1
-0.920064417228945 -2.62564648837647 1
-1.26853900197561 -3.70788276427156 1
-1.87797017952421 -2.27518403773071 1
-0.71465088521456 -3.88662954670993 1
-2.30879867451719 -2.00585629102755 1
-1.8100734125828 0.0812207246114109 1
-2.64467897055019 -0.868765757504213 1
-2.05471133772249 -1.51024101734845 1
-1.4406166904006 -3.48166986792204 1
-2.24928039402299 -1.57525831271667 1
-2.63900006962489 -1.07670802586029 1
-2.28613647487417 -3.79207602763858 1
-1.14184226091859 -1.14983314707778 1
-2.04908241031664 -2.25898017973577 1
-0.738175409393949 -4.20338939990331 1
-3.66036356190388 -1.34616635405982 1
-1.29387722789598 -2.53319101333506 1
-0.972339587166767 -2.21167059593666 1
-2.45767062589641 -3.89962659709696 1
-0.7717187996186 -2.35241938175318 1
-1.98323781192614 -3.29949968581598 1
-1.421413376872 -1.89964391586894 1
-3.28125415154747 -2.07364305956902 1
-0.928989452535309 -2.17447917152965 1
-1.53956588445077 -2.28118049154474 1
-1.93062290954556 -2.96723629825058 1
-3.05421385856576 -1.66014929029235 1
-3.18359458491688 -1.98987159587252 1
-1.64306786587337 -0.513475214559494 1
-2.9503768194711 0.553839073608489 1
-1.17178461657745 -2.26262754065284 1
-1.49108617610038 -0.35258459290468 1
-1.3849025723245 -1.37709776291723 1
-2.35869896416298 -1.71864047457598 1
-2.86958863562436 -1.17111340670134 1
-2.40579164954955 -0.191349861834725 1
-2.00504037634861 -3.19505080728867 1
-2.29644098662009 -1.34606648245292 1
-1.86017741303778 -4.08523850907136 1
-1.24558295175301 0.110040144100554 1
-0.93247070864059 -0.22514423186286 1
-2.75256528691772 -2.80820027682524 1
-1.03738955499942 -1.43114760231714 1
-2.40586641679295 -2.26605854183327 1
-1.67231806704891 -1.99996877734332 1
-2.2923574482367 -1.15473467882818 1
-1.48940201744598 -2.79474150018404 1
-2.64989136759345 -0.174493070885845 1
-1.75273248616993 -1.86886941211135 1
-2.00320663121312 -0.52283235075132 1
-1.98155463309729 -1.48236808168502 1
-1.31889065570609 -0.79753452055724 1
-2.52117798419125 -2.44506433382211 1
-2.99502211618124 -0.668519431424426 1
-2.30644526287326 -0.475273733517104 1
-2.01281109270244 -0.560282171681027 1
-1.98608998528987 -2.95459210690776 1
-2.37315175359335 -2.37780345337072 1
-3.06257774134939 -1.42973788655962 1
-1.717792969411 -0.331369815634034 1
-1.79439344859222 -2.59935671675833 1
-1.53179381596063 -2.06607314692607 1
-2.6155274633235 -4.20253955134129 1
-2.73884392090028 -4.0396309924188 1
-1.92127071058715 -1.73611673262905 1
-1.43849957965454 0.536813810717335 1
-0.456122278704769 -3.88131678371139 1
-1.11411698798398 -2.21132690681055 1
-2.23629620772285 -0.587620593108591 1
-3.06038568156545 -3.77853611233493 1
-0.372883123117476 -1.98751657985283 1
-2.07004541341147 -1.60270451483942 1
-3.38485445194057 -1.50714875203248 1
-2.07687585726947 0.159692782708681 1
-0.300642469549542 1.31811410497558 2
0.633945779146162 1.7273142694038 2
3.46866489777196 1.87827424931078 2
-0.107431297643562 2.03438851389076 2
2.20218071638491 1.84187587295524 2
4.75665831530619 1.50151998649514 2
2.68316197807207 1.8546877254205 2
0.640408935070343 2.03290319528949 2
-0.635329465133051 2.29506746589464 2
-0.770137611444497 2.82571971692286 2
1.65032592957237 1.96074659244444 2
-2.00814360842624 1.9169449881171 2
1.25246340288703 1.20498863485571 2
2.54148802190001 2.04792140939441 2
2.8326073872537 1.89549144635519 2
1.46226820350596 1.9902703466326 2
-1.23026426929905 1.90824884335426 2
0.883584874235388 1.57075144870059 2
0.335047692391452 1.81153981955511 2
0.743911648402301 2.00485714748672 2
-0.196251673954911 0.876365550630364 2
4.46256402040679 1.90507424249632 2
-0.250534827309031 1.73884774266483 2
1.01787425529907 1.8666483942556 2
-1.96813880203136 2.74665613536576 2
3.61667862898172 1.35549547541558 2
1.95394215645073 2.52741518176821 2
0.471351017099978 1.37105183663199 2
1.07186300058912 1.77349543281889 2
-0.116257641117225 1.56934225297618 2
2.49038421381554 2.40945065106264 2
0.463815197345622 2.97637148134415 2
2.5803837522374 2.21286556527999 2
-0.728679682688083 2.12517224319742 2
1.42256131261666 2.35824830836458 2
0.196916650573257 1.47407892779634 2
-0.137158860236934 2.39873995499205 2
0.0191277842952834 2.32597585793963 2
1.53465119071543 2.87046318230442 2
4.48993463136657 2.0755227908159 2
-1.06493745473917 2.11444988457975 2
-2.79318739506395 2.25366433750418 2
1.1048925822882 1.73677107420001 2
1.2450169892694 1.13838918832186 2
1.23351184208976 2.07234910786112 2
-0.070779929118604 2.56253190680155 2
0.229349867591513 1.06196457813795 2
0.680523741405281 1.59514518169644 2
-0.372781565836341 3.58759096384992 2
2.00101447241317 0.772803079643296 2
-2.39226400208668 2.2361906813367 2
2.02640723184324 1.03114469678207 2
-0.875679985992555 2.35404748009457 2
-2.13287122593774 1.21341128459225 2
1.43089410602771 2.14571842106918 2
-1.8334250815348 2.05751385920286 2
1.1236463809977 2.47647262316553 2
0.154641146917624 1.74647067104225 2
1.81982160973713 1.46935548988923 2
-0.712097695565383 2.32151218698534 2
0.643098755765002 2.2205221796331 2
-2.78291910971088 1.94337266455807 2
0.234401285236969 2.28438952219458 2
1.56751587943929 1.70881791377485 2
-1.6749683564364 2.55590226733272 2
1.96214329279634 2.47404392428234 2
-2.23924407648375 1.87481759743316 2
-1.32102523220613 1.97817754437284 2
2.99011181158121 1.94447027663133 2
3.7035359490441 1.95904177286193 2
3.78031689945401 2.08159810231299 2
3.30180189867053 2.32256865023817 2
-1.63463702495528 2.51496699618618 2
-1.17774435189472 2.09026592525789 2
-1.12550802465797 1.47139222884169 2
1.84518931525686 3.10753159080265 2
1.8473927751629 2.22566096615909 2
-1.08153608961037 2.68807799864569 2
1.67756377605095 2.37641300135952 2
0.0217045809603826 2.13008276024363 2
-6.25337564443125 1.11799400629645 2
4.30780903097955 1.96833320039438 2
-0.0221369382559564 1.83738999630507 2
0.821846037858695 3.28517213576607 2
1.18940722759975 2.51988656395323 2
4.96806908126825 0.942967340218401 2
0.180866589403297 2.55089954753563 2
1.83195977586413 1.64146053728346 2
0.026537404161971 2.05202686811044 2
0.870405722485208 2.46720000940669 2
3.27765099060273 1.99342543202755 2
0.709565939201084 1.62690881026201 2
-0.769235235294744 2.19243228173547 2
1.9189681480514 2.89949902110661 2
1.572325502386 1.9679011224027 2
-0.14379656829175 2.56224876605039 2
4.47098940362013 2.76997115824203 2
3.94651784986001 1.14829020586495 2
1.73286910202583 1.36703391828746 2
-2.29229719071746 1.77753740445059 2
2.61297671705119 2.27265835047713 2
2.70665561560904 2.54507012101293 2
-2.6936770339874 0.471799086415942 2
-0.690428167049283 2.32959420656871 2
1.24809167643582 1.91480193800173 2
2.42662368071574 1.98943874870201 2
4.59304034566574 1.51773384724429 2
-0.853459831957695 2.07689424163762 2
-1.22155337938695 1.58641922524458 2
0.926340957521674 2.42064331825806 2
1.08612874471571 1.34055692741248 2
1.66212784227516 1.5070395872334 2
6.8232599206587 2.42080578695894 2
-2.28076100520079 1.30759825611175 2
-0.520684852218958 2.17722524520191 2
0.876899457907327 2.58912917851718 2
3.2164250784069 1.83469675421367 2
0.892675961606444 1.67841524892116 2
2.91660613171599 1.57132587587062 2
2.68166948883709 2.63264100863625 2
0.704532777600243 1.56203901100843 2
-0.26653493511241 0.394854347798094 2
0.100773099609892 2.27628906613089 2
3.46364525438644 2.50538471174274 2
-1.6365960014949 3.26897314637635 2
-1.78506228810933 1.72041261733854 2
0.0527322861187708 2.04234225823684 2
2.36201122159935 1.38018541627295 2
-1.50154718821432 1.81031416755714 2
3.1433950185712 1.84033152686158 2
2.1902333273501 2.62207983538738 2
5.00834709716585 0.589788019431934 2
1.19733241335255 2.2331112433072 2
1.4676413629237 1.65051999749882 2
1.29913867090126 1.29312911836172 2
-1.8427207891756 1.48228033328551 2
0.801892702158489 2.56013471803797 2
-1.38961005385433 2.64256349614445 2
1.63843410453295 1.57900275002896 2
1.36478400797316 2.49068948401748 2
1.27840480568824 2.97050907646158 2
0.742630422724861 2.29423301012574 2
0.277770255174947 1.92558202222065 2
2.62651486589973 2.50980586683275 2
-0.402138162695687 1.50011294100124 2
1.23685741917833 2.51118121502384 2
-1.82928230492169 1.00372411105115 2
1.60176534146698 2.65890863612939 2
1.64842174485677 1.5844328017358 2
1.72292828190721 2.96326752743782 2
1.17815336611534 1.89715863408757 2
-2.55805793042513 2.51015268591165 2
1.27469495497541 2.09421353668086 2
2.13837326700127 2.24977561809564 2
0.936309039315065 1.32409806360282 2
-1.65703452903849 1.70711354376982 2
4.73962440679164 3.08603329733302 2
-3.46678405536011 1.84842301168259 2
1.26374716257519 2.39556931637326 2
4.21937132468109 2.10203991619044 2
-1.24024956124996 1.85674470170003 2
1.89968195146669 1.82086659730805 2
0.586506759721771 2.07682748125669 2
0.0609210082134103 1.70367787543718 2
4.56211836237327 2.14321419366087 2
1.02744885674927 1.27455964422313 2
-4.20934294940118 1.8519164016581 2
0.892148759371415 2.97286433950179 2
-3.2002692678257 1.36056716302811 2
1.02962812853526 1.55961904482513 2
1.16748949238874 1.85091126981751 2
2.75319232763603 2.82128176067148 2
2.35233948301814 0.987590089115324 2
1.44083761196363 2.14130216505917 2
0.735599509548359 1.99881012393142 2
6.02896330941136 2.76895658262706 2
3.39028062464039 1.40954058286091 2
1.88470848040033 2.24288928160328 2
2.98508806027738 1.93548860298349 2
1.42202285517738 2.76390708816261 2
2.97609092148578 2.45783732638513 2
-0.252287707754166 2.87960117073854 2
2.48364688997892 2.70442037542172 2
-0.0655656746570958 2.16974682602961 2
2.9145248977943 1.91995213380646 2
-2.83585087155479 1.47730407164259 2
0.279778227511263 1.50342544322856 2
-0.0145762395805362 1.55204613738929 2
-0.218464911645572 1.44993711169668 2
-4.21601609921178 1.39610154124517 2
-0.969347193389096 2.19437391037384 2
1.72780969160249 2.86663507719927 2
3.26836686375642 1.73769270565188 2
-0.281476580754566 2.45675205699075 2
-0.663329486202467 3.4404241321643 2
0.657479642105934 1.4792146173336 2
2.68014298148694 0.843733700364143 2
-1.41771216152595 1.12314574412267 2
1.40797694527846 2.69503336120152 2
1.95616889737339 2.46042582708993 2
-0.794786839721819 2.22042274897627 2
2.30970679140708 1.50870553287099 2
1.6142514961632 2.04417855755024 2
-2.37887444612165 1.84407864419468 2
2.46343422227617 2.01998227814012 2
0.550337369106786 1.78515943981861 2
1.79649797440031 1.17021565187037 2
0.805853281539831 2.70580609726509 2
-0.130840589376062 1.89457916179616 2
-0.794546576824992 2.13859852192466 2
-2.56321520368985 1.4064852841708 2
2.71845838322314 1.00192417956776 2
0.341434105253422 2.13570038145853 2
1.18182870785072 2.65567751660845 2
0.250084398475088 1.69103878459042 2
-1.77266802127976 1.88296217791993 2
-1.40688837662562 2.36756574915013 2
-1.13027191355802 2.49079688942255 2
2.503946230207 1.62045068962513 2
2.0844233114978 3.18063408420023 2
0.960466021823872 2.03611986122318 2
2.38198264890245 2.39978337584173 2
2.96230390320393 1.66275739703387 2
2.55292783444989 2.5181078817249 2
2.19105488208396 2.7962870395543 2
-2.22735599575651 3.42762647160056 2
0.18099728840809 1.31783509242682 2
0.755128155128965 2.55996363626901 2
1.83187497067516 2.61073897899826 2
0.944784769674215 3.14992269652001 2
-0.811795274569994 2.2098024514999 2
-0.128194565737124 1.94314333802058 2
1.68233735416575 1.70972627531641 2
3.053735814103 3.16394226449305 2
-1.06054992489185 1.58061786754707 2
3.82459041281013 1.40117350296805 2
1.47287687039852 2.03066043245454 2
2.26159915402634 2.44221322372498 2
0.619644268169023 1.97465517592251 2
0.208136527552526 2.51332492430569 2
2.9076471342318 1.64426577488491 2
2.668818907641 1.90164050765286 2
1.36616198294879 2.07295549474412 2
3.1521852936166 2.52497422770797 2
1.56368905453662 2.1838624921665 2
0.924785858463459 2.8619940618821 2
-0.496364969040156 2.4310732873552 2
-0.232733992136362 2.83671040396771 2
0.174164751170643 1.80285660183072 2
0.744995992079085 2.14735743112498 2
1.72766094769643 1.85276716238094 2
-1.3600084032217 2.24504788779975 2
4.90622787297466 2.09844713731355 2
0.335763883048546 3.19303515795233 2
-0.853688794862876 3.24659247542295 2
-0.143859697866933 2.03370765902613 2
1.48636378948496 1.43771526068552 2
2.28015783183333 1.92789505772931 2
-0.677699667561779 2.0985730666319 2
0.861003871579994 2.25271386639441 2
-0.758982819276654 2.29647908408599 2
2.89150677889093 1.89469401654105 2
-1.49415721496885 2.52645046589632 2
0.853159560712436 0.969186855407644 2
-2.98619570460025 2.32203490107464 2
2.61377798802002 2.31980741506334 2
-2.34846490305853 2.24462466376563 2
-0.392260582498154 0.592895015770671 2
-3.39118068548295 2.34726720040959 2
-1.77532917958362 2.64979970283518 2
3.25025209380834 1.89082873257144 2
1.24006163091085 2.09764810489259 2
2.01279972941727 1.9576712671099 2
-2.27740990161328 2.75346844131339 2
-1.52584525915167 1.67680358943935 2
3.25820784658691 1.60709411874571 2
1.41649830753338 2.45004587590173 2
0.783401376846132 2.96294734334782 2
1.28524192009992 2.19369963116601 2
1.28047160473821 2.06859376950636 2
1.66098722580287 2.03726681586213 2
1.328848318135 2.93938910092571 2
-0.257398140665775 2.56615691342784 2
0.803973675479068 0.990071716741059 2
2.56951618297695 0.85844875894464 2
-0.834873868985038 1.66457707256366 2
-1.26387600395659 1.55320231552386 2
1.41855779321882 1.58325164330856 2
1.69294615320401 0.970894447870033 2
-2.36914081746881 2.52546527946358 2
4.20123296970685 2.21619811982476 2
-1.19663274618664 2.02245599791247 2
0.489526149190607 1.81728785548877 2
3.14523860359163 3.38496508298973 2
-0.297971871331829 1.82911986678373 2
0.796354034447739 2.2991657787012 2
3.139166569996 1.5330867554814 2
-1.70219688435453 1.19919326754266 2
3.77668945857436 1.61357909661653 2
-0.968598121183885 2.40338647799659 2
2.25462391573526 0.753062305903897 2
2.18383520670868 1.93348286892458 2
3.54935851357272 2.16080747082118 2
-1.09136671575726 2.20843585752228 2
3.5237108100255 2.32209567052533 2
1.14608289410791 1.57044741135042 2
0.91914962691978 1.97220027251343 2
-1.63500914024713 1.55365197388509 2
3.36900086881321 1.90396974879303 2
2.62656898374075 1.87807229434081 2
-2.69847918167451 1.25388302329034 2
1.53040831772995 2.33553334037456 2
1.49613248291614 1.38247486026156 2
1.67246437677885 1.10011835968647 2
-2.94203197029895 1.76832418635735 2
2.37177768175781 0.22920286354639 2
-1.51741694799594 2.18849045238138 2
2.7968286434715 1.28812121176342 2
2.33847647193347 1.77832751113219 2
-0.793205919608802 2.90918292218413 2
-0.215020605921196 1.49643727686318 2
0.983002706985169 1.83786258484849 2
-0.029133618518038 0.878469939532947 2
2.58913811910847 1.66001055138334 2
1.97443002810591 1.64573460116752 2
1.10505378300425 2.49360763899174 2
2.59606490560689 1.99381202383445 2
-1.21162710619633 1.70664546196666 2
2.41654006063424 1.70894768520458 2
3.44772549121901 2.77360937434834 2
0.272307453672687 2.02263954121016 2
3.18812827553455 2.99425321559356 2
-1.13638007998675 2.19679997396259 2
0.993787797988359 2.06025645865211 2
-0.571071394220816 2.28925442521507 2
0.638834803599319 2.03940446853287 2
-1.43778574145659 2.13585633292345 2
-0.268779780091478 2.18602023359672 2
3.56781604027632 1.16974878861746 2
3.45927420217096 2.3537810286199 2
1.7007625180604 1.73991205003794 2
-0.213230668062075 2.35259262012628 2
0.665094595199486 2.18923034267198 2
3.41743297932334 1.98673727961276 2
2.17603755374095 1.79190451366951 2
3.52569502275021 1.72583346678413 2
2.14503894819907 2.23795087502519 2
-0.895237057283275 2.26992952486627 2
-0.522683275961333 2.26451571645166 2
3.37076889733073 2.03689643019294 2
1.96079974724891 2.37520058541076 2
-0.979637379593841 1.89678407793792 2
-0.580578134247584 1.72393867857137 2
4.17716829186615 1.83710026086069 2
-0.457075477561945 1.71866860861756 2
1.94193344530122 2.30186163497417 2
2.943883500306 1.58047945319866 2
2.16937358255951 2.04110893244857 2
-1.05189589066917 2.36311818795226 2
-1.68583212700273 2.74746560272274 2
1.8946989082145 2.09058321224528 2
0.882072412832187 2.47239246480319 2
-1.2796998563838 1.32512609626378 2
0.520223005694935 2.87285447329827 2
-1.52824897305726 2.9348459656019 2
1.78332659767836 1.72344008197273 2
-1.60197311028625 1.65312045753295 2
-2.52381589823423 1.51572614407229 2
-1.67733367348458 2.57550729009227 2
2.37750368648477 2.06303875410878 2
0.942657334389436 2.0594547533286 2
-1.44891019254615 1.79341028005857 2
1.94480889432925 0.707603935619733 2
1.48936998922408 1.55429891746521 2
-0.242981882160226 2.24876373505424 2
-2.69864175951442 1.14606899003035 2
-0.739240044918099 1.91331747256597 2
-0.490698999456165 2.68886720297088 2
3.06311559047375 2.76318531554256 2
-0.952121312616748 1.87514424286914 2
-1.89598851125856 2.49684398915976 2
1.42008168548323 1.99014528854871 2
2.16345461105734 2.58475114026686 2
0.0815484988582287 2.29001726663222 2
1.49825637652886 2.37059602932068 2
3.16451487334722 1.5505852023273 2
0.405937610546386 1.52247762002995 2
2.25990859995208 1.87784795468225 2
2.25036539878978 2.21105294291319 2
2.50054560245135 1.4369519019019 2
0.468355116433771 1.65351837231374 2
3.23135030045271 1.16681804084198 2
0.740079952281931 2.2307527330808 2
1.555094943821 2.08629320625985 2
1.05966933825194 1.65519216482891 2
0.525690252851846 1.3662219602331 2
-0.2343889707561 0.877234915602071 2
3.00386343146168 2.35693875750829 2
0.0580933964197057 2.94245189380351 2
-0.2799888259706 2.61644538984979 2
-2.14625269225442 1.89239735471969 2
0.332200290583652 1.10184303084079 2
-0.547116094262025 2.61517231120301 2
1.0731456945892 1.17130001727677 2
1.88359926887604 1.94259828257289 2
-2.42869584070151 2.25679791195149 2
3.6335296600213 1.58394797499492 2
0.703524292870502 2.3042183398825 2
3.58093721804754 3.16667586592309 2
-3.15134622630605 2.60242689669043 2
1.51509079734574 1.00642077077717 2
3.54499375100876 2.02449827324344 2
1.49410708321259 1.31556986424424 2
2.53172752967792 2.65130025715656 2
2.89439020488485 1.32982574103024 2
0.683149341287355 1.44496320880361 2
0.983882639214989 1.7942857308066 2
0.802675610662397 1.96987010511356 2
-0.28964528498437 1.94780671223352 2
0.219159969121975 2.22349301666922 2
-0.0713047872055466 2.34780129440948 2
3.47083105986809 2.41589012273721 2
-0.90072023332716 1.6963908517239 2
0.697582242821547 2.84163114523416 2
-1.22336673557894 1.2708189916944 2
-0.411351791459734 2.12387108521147 2
3.74548379306843 1.41231082153291 2
2.1343595453075 1.57767289574804 2
0.242376473361683 1.80926673256827 2
2.16344532907871 1.87061720829848 2
1.82516224744622 1.83108833211077 2
3.19082608587694 2.54137022412754 2
2.22736603195545 1.78224589068854 2
1.69553245762424 2.97857158600906 2
0.407531500128488 2.74261071173003 2
4.84079543952556 0.882534428134977 2
-0.121881146761166 1.58237620456146 2
-2.91898844456908 1.07055166817385 2
-0.385134227630932 1.68793194064363 2
-2.07488717695615 1.57385754444247 2
1.02601837270678 1.26782650918695 2
1.56022887520896 3.22835334316434 2
0.655900888603073 1.44737213277445 2
-0.732425734860438 2.18537983364602 2
1.38217786687537 2.64449138902196 2
4.36965888917273 1.70455124419733 2
3.3798729174893 2.7022287481958 2
0.0817180530177607 0.313744704285174 2
5.59403266952374 1.66569025535286 2
0.830856112249866 0.95831380714791 2
0.304950417544012 1.75478485374261 2
-4.51893424807105 2.42045264664558 2
-0.286482773110469 2.41381836384402 2
0.831116294408944 1.24281509190302 2
2.93440993844951 2.79745725072547 2
3.73080974968163 1.52705082892343 2
-0.24923221682367 1.02898657024559 2
3.14735696278209 2.99440260051677 2
-0.772390988560535 1.76065096283504 2
-0.515727614319074 2.18710022137491 2
-0.734734277312225 1.93655533958219 2
0.58713348697912 3.3053731797837 2
-0.0377124923315182 1.47482504989269 2
2.22940917350452 1.88702559897769 2
-1.36821311840601 2.06588502177903 2
3.42268193810002 1.8435665109474 2
1.21570414503621 2.73594243576292 2
-0.181492626752698 1.56233190126916 2
1.54031219823045 3.2563736772566 2
-2.26618976658712 2.16175965519043 2
1.86861824130429 2.09482839635123 2
3.24771713486592 2.06760725951046 2
-0.211032337389964 1.3567176999952 2
1.83396521613804 1.94757486907348 2
3.24263317343318 2.26883787587349 2
4.52721634540883 2.30034505953935 2
0.621145161587256 1.86717253812389 2
-0.425972338400539 1.97221061625716 2
2.56192484570936 2.89093233181183 2
2.82511171108934 2.67645308043293 2
1.44473153338415 1.6751017453272 2
5.60441166911859 3.62382604546733 2
2.82698503864288 2.0393975539745 2
